n = 654628
m = 1990259
begin to read Graph...
readGraph Over...
begin to init vec....
init vec Over...
totoal time: 0.3968s
215180: 31.0782 0.0471913 0.0704537 0.0163025 0.0423406 0.115708 0.139693 0.151957 0.168892 0.151103 0.096359 
500786: 1.46871 0.904188 0.0958119 0 0 0 0 0 0 0 0 
69942: 0.473135 1 0 0 0 0 0 0 0 0 0 
87159: 945840 1.31587e-05 6.39675e-05 0.000154385 0.000338786 0.000682151 0.00154681 0.0053816 0.0273753 0.153477 0.810967 
97107: 292.806 0.00613414 0.00806812 0.0120266 0.00921977 0.00557557 0.00866232 0.0293889 0.0947391 0.255801 0.570385 
323028: 2108.18 0.000327462 0.00351298 0.0171269 0.0449876 0.0916597 0.149576 0.195972 0.205869 0.173484 0.117484 
18866: 56260.2 2.08919e-05 7.6998e-05 0.000159303 0.00062583 0.00222752 0.00678523 0.0192427 0.0559857 0.181324 0.733552 
344273: 0.111044 1 0 0 0 0 0 0 0 0 0 
440054: 5.74826 0.332355 0.394646 0.231931 0.0374912 0.00343554 0.000140222 0 0 0 0 
64749: 36.1732 0.0693321 0.156515 0.181897 0.14652 0.108364 0.14447 0.105458 0.0488038 0.0200015 0.0186377 
142695: 0.653039 1 0 0 0 0 0 0 0 0 0 
159978: 381.992 0.0172149 0.0426627 0.0656691 0.0904845 0.113689 0.132151 0.140875 0.139895 0.133093 0.124267 
389817: 2.34573 0.60359 0.352183 0.0433886 0.000764366 7.34719e-05 0 0 0 0 0 
21962: 2.15847e+07 2.73753e-07 2.49371e-06 1.84661e-05 0.000127861 0.000690105 0.0030937 0.0122179 0.045898 0.178473 0.759478 
213559: 2.74305 0.714704 0.241768 0.017474 0.0181917 0.00753046 0.000332067 0 0 0 0 
205650: 19.8855 0.227616 0.378778 0.208308 0.0741479 0.0257487 0.0175078 0.0212976 0.0212224 0.0162647 0.00910947 
99378: 0.918495 1 0 0 0 0 0 0 0 0 0 
55051: 1.47617e+06 2.04231e-06 1.14333e-05 5.31718e-05 0.000204732 0.000703065 0.00222266 0.00677124 0.0249128 0.130443 0.834675 
185437: 0.235513 1 0 0 0 0 0 0 0 0 0 
526878: 3.05731 0.59788 0.264454 0.121061 0.0166045 0 0 0 0 0 0 
13794: 114.704 0.00756308 0.0419604 0.08776 0.109182 0.1346 0.138492 0.129371 0.13678 0.122025 0.0922666 
161446: 0.931639 1 0 0 0 0 0 0 0 0 0 
8045: 2.25624 0.588278 0.140397 0.271325 0 0 0 0 0 0 0 
399661: 1.56428 0.770195 0.229805 0 0 0 0 0 0 0 0 
304572: 0.261584 0.993286 0.00671438 0 0 0 0 0 0 0 0 
174394: 0.876641 1 0 0 0 0 0 0 0 0 0 
3829: 5.08151e+07 7.81907e-08 5.89498e-07 5.95407e-06 3.83029e-05 0.000243148 0.00133704 0.00658313 0.0305331 0.14786 0.813399 
118389: 739.276 0.00144377 0.00623088 0.0220339 0.0393897 0.0466667 0.0457644 0.0564012 0.10611 0.225823 0.450137 
73075: 246448 7.11988e-06 3.76259e-05 3.7045e-05 6.79253e-05 0.00013053 0.000448366 0.00307773 0.0230647 0.149804 0.823325 
463080: 1.26469 0.959698 0.040302 0 0 0 0 0 0 0 0 
298477: 0.348389 0.657474 0.342526 0 0 0 0 0 0 0 0 
483151: 0.558449 1 0 0 0 0 0 0 0 0 0 
139659: 468.669 0.0173842 0.0473262 0.0710395 0.0924917 0.111977 0.115405 0.107178 0.0982768 0.119529 0.219393 
635252: 74.3945 0.151483 0.232837 0.264381 0.188676 0.10231 0.0425371 0.0143948 0.00316595 0.000214359 0 
66018: 47.6026 0.0701045 0.0888241 0.102288 0.114002 0.118497 0.120508 0.10862 0.100905 0.0935375 0.0827123 
155750: 10.7106 0.0445538 0.0125491 0.0560296 0.172388 0.234894 0.223708 0.151034 0.0740257 0.0252347 0.00558389 
371543: 0.318948 1 0 0 0 0 0 0 0 0 0 
178134: 1.0452 0.567061 0.272086 0.0793938 0.0664324 0.0148654 0.000160907 0 0 0 0 
619605: 0.599172 1 0 0 0 0 0 0 0 0 0 
352346: 0.844798 1 0 0 0 0 0 0 0 0 0 
495365: 0.147419 1 0 0 0 0 0 0 0 0 0 
435857: 3.2478 0.893023 0.106977 0 0 0 0 0 0 0 0 
67829: 16.3064 0.00247436 0.0149012 0.0421885 0.0874688 0.127316 0.154368 0.166295 0.151976 0.129271 0.12374 
88335: 608.672 0.00234212 0.0149591 0.016563 0.0209034 0.0354162 0.0673422 0.108205 0.167672 0.24414 0.322457 
96735: 0.386094 0.63335 0.36665 0 0 0 0 0 0 0 0 
459479: 0.918943 1 0 0 0 0 0 0 0 0 0 
3306: 12.973 0.186147 0.38787 0.255504 0.132841 0.0328389 0.00450961 0.000282588 6.12038e-06 3.4004e-08 0 
355119: 1.12124 1 0 0 0 0 0 0 0 0 0 
94405: 53.49 0.0630166 0.125772 0.253946 0.144594 0.106683 0.0902941 0.0756885 0.0645201 0.0467117 0.0287751 
116986: 24.2786 0.134641 0.0937135 0.144805 0.228296 0.248164 0.107616 0.031329 0.0077741 0.00280295 0.000858548 
58029: 217.121 0.0062004 0.0390224 0.0706637 0.073877 0.0964678 0.135747 0.160683 0.159377 0.140446 0.117517 
88986: 18.0685 0.232466 0.152615 0.0822363 0.115198 0.130952 0.093962 0.0524436 0.0338732 0.0378397 0.0684146 
57704: 0.970736 1 0 0 0 0 0 0 0 0 0 
414812: 1.99874 0.779197 0.220803 0 0 0 0 0 0 0 0 
402757: 3.79455 0.250557 0.315238 0.311302 0.113194 0.00970897 0 0 0 0 0 
201521: 0.811518 1 0 0 0 0 0 0 0 0 0 
194474: 14.9174 0.217978 0.296849 0.275762 0.122777 0.0491079 0.0190595 0.0042142 0.00248405 0.00406824 0.00769966 
352155: 0.105338 1 0 0 0 0 0 0 0 0 0 
88125: 4982.64 0.00192646 0.00473897 0.00774855 0.0143146 0.0266985 0.0490708 0.0878293 0.149938 0.248542 0.409192 
2666: 3.74583e+06 7.81666e-07 2.5669e-06 8.7409e-06 4.56034e-05 0.00023525 0.00115876 0.0055956 0.0280503 0.148761 0.816142 
149852: 0.964581 1 0 0 0 0 0 0 0 0 0 
255607: 0.401158 1 0 0 0 0 0 0 0 0 0 
57655: 162.846 0.0735436 0.116406 0.0908236 0.0554821 0.0273515 0.0228449 0.0320606 0.0561658 0.128507 0.396815 
34197: 8.3873e+06 7.51244e-08 1.4011e-06 7.06962e-06 3.59127e-05 0.000162714 0.000690254 0.00326363 0.0189791 0.126596 0.850263 
521104: 0.319743 1 0 0 0 0 0 0 0 0 0 
571046: 12.6043 0.39118 0.36288 0.188252 0.045407 0.0107809 0.00141072 8.93303e-05 0 0 0 
193682: 186.864 0.00831226 0.0214991 0.0255065 0.0285826 0.0562488 0.131501 0.19871 0.215228 0.184258 0.130153 
441324: 0.919028 0.998272 0.00172844 0 0 0 0 0 0 0 0 
616972: 0.3096 0.915399 0.0846006 0 0 0 0 0 0 0 0 
143939: 22.3356 0.0851855 0.281748 0.217172 0.145476 0.0903367 0.052084 0.0404929 0.041422 0.0328181 0.0132647 
194312: 2.93321 0.310532 0.682937 0.0046074 0.00192343 0 0 0 0 0 0 
517514: 0.760778 1 0 0 0 0 0 0 0 0 0 
7604: 2.19821e+08 7.54604e-08 8.70475e-07 8.97339e-06 6.37872e-05 0.000350129 0.00166012 0.00732108 0.0326078 0.15595 0.802038 
55303: 1.21477e+09 2.94253e-08 2.28521e-07 1.53166e-06 1.04605e-05 7.98789e-05 0.000612348 0.00432387 0.0274181 0.156503 0.81105 
266970: 0.294689 1 0 0 0 0 0 0 0 0 0 
238386: 0.792366 1 0 0 0 0 0 0 0 0 0 
312146: 2.60996 0.417092 0.464066 0.118842 0 0 0 0 0 0 0 
136746: 2.72936 0.36183 0.332754 0.107118 0.10208 0.084639 0.0115791 0 0 0 0 
237107: 21.0749 0.1999 0.306206 0.18188 0.120503 0.0751856 0.0469869 0.0332312 0.023098 0.0103746 0.00263453 
271432: 9.35365 0.338628 0.329015 0.163652 0.135322 0.0243175 0.00871997 0.000288359 5.59971e-05 0 0 
276849: 3.38296 0.340614 0.269763 0.343466 0.0458191 0.000337301 0 0 0 0 0 
377864: 8.56943 0.404786 0.351782 0.203597 0.0329606 0.00686621 7.21256e-06 0 0 0 0 
522851: 84.9517 0.0174149 0.0535727 0.117689 0.182867 0.222224 0.199864 0.127722 0.0572264 0.0178842 0.00353624 
332513: 1.60955 0.587339 0.409354 0.00330705 0 0 0 0 0 0 0 
281312: 1.22061 0.600243 0.384385 0.0153725 0 0 0 0 0 0 0 
458517: 0.861266 1 0 0 0 0 0 0 0 0 0 
653300: 0.820408 1 0 0 0 0 0 0 0 0 0 
164670: 0.3623 1 0 0 0 0 0 0 0 0 0 
240165: 0.503501 1 0 0 0 0 0 0 0 0 0 
350631: 0.638567 1 0 0 0 0 0 0 0 0 0 
110220: 23.2235 0.139447 0.349273 0.313224 0.159204 0.0352687 0.00348774 9.5475e-05 0 0 0 
24669: 45850.1 9.42394e-05 0.000441346 0.00206846 0.00790649 0.0219759 0.0466976 0.0819416 0.134148 0.235724 0.469003 
491763: 5.15303 0.440912 0.400503 0.147286 0.0112987 0 0 0 0 0 0 
186310: 2.59424 0.606481 0.342863 0.050656 0 0 0 0 0 0 0 
167565: 0.634783 0.833853 0.166147 0 0 0 0 0 0 0 0 
491885: 3.93361 0.395362 0.340534 0.199244 0.0601611 0.00470013 0 0 0 0 0 
467772: 1.43551 0.950033 0.0499666 0 0 0 0 0 0 0 0 
197862: 0.892536 0.162412 0.338757 0.233035 0.0939948 0.13311 0.0386904 0 0 0 0 
440594: 13.6668 0.217127 0.31621 0.247707 0.134658 0.0701044 0.0141925 0 0 0 0 
170093: 150.428 0.00198078 0.00628041 0.0193412 0.0300991 0.0444396 0.0689966 0.087457 0.097111 0.163267 0.481027 
12505: 7.26296 0.0809159 0.138206 0.0734834 0.105047 0.108514 0.0841904 0.0813535 0.0995325 0.113351 0.115407 
524751: 0.986009 1 0 0 0 0 0 0 0 0 0 
420858: 0.992007 1 0 0 0 0 0 0 0 0 0 
401010: 0.846736 1 0 0 0 0 0 0 0 0 0 
214242: 1.95342 0.771785 0.228215 0 0 0 0 0 0 0 0 
596734: 8.93429 0.256722 0.282477 0.323274 0.122244 0.0151941 9.00211e-05 0 0 0 0 
538546: 1044.98 0.00170792 0.00746698 0.0263771 0.0704064 0.137666 0.197094 0.212438 0.176212 0.113579 0.0570524 
16978: 4.57916e+06 1.47493e-06 6.12102e-06 2.05567e-05 5.82364e-05 0.000144223 0.000458522 0.00212349 0.0150622 0.119168 0.862957 
198449: 5.76346 0.462789 0.187785 0.174722 0.103216 0.0513959 0.0171366 0.00295552 0 0 0 
102591: 0.154046 0.509454 0.306226 0.00633375 0.0050967 0.00400516 0.00619518 0.01294 0.0257287 0.0472576 0.0767629 
17429: 4.55267e+09 1.24461e-08 1.63894e-07 1.42706e-06 1.01154e-05 6.9239e-05 0.000491817 0.00349387 0.0235145 0.145803 0.826616 
106784: 6771.46 0.000673791 0.00276395 0.00711411 0.0158233 0.0267419 0.036329 0.0480722 0.0802501 0.195844 0.586388 
130842: 0.898311 0.800348 0.199652 0 0 0 0 0 0 0 0 
6158: 6.35898e+06 1.02552e-06 6.38756e-06 2.44313e-05 8.03111e-05 0.000248089 0.000794812 0.00330573 0.0199049 0.134232 0.841403 
342793: 6.92133 0.0399484 0.179687 0.320497 0.319338 0.117355 0.021116 0.00198103 7.72643e-05 9.05447e-07 0 
53306: 28382.2 3.45513e-05 0.000110036 0.000293974 0.000780682 0.00196992 0.00637651 0.0145893 0.0379044 0.146108 0.791832 
204644: 0.0414271 0.83585 0.16415 0 0 0 0 0 0 0 0 
55490: 73691 5.26008e-05 0.000280051 0.000624057 0.00155992 0.00341156 0.00657162 0.0140279 0.0392158 0.151149 0.783108 
426378: 0.612689 1 0 0 0 0 0 0 0 0 0 
616824: 0.464485 1 0 0 0 0 0 0 0 0 0 
207100: 0.308931 1 0 0 0 0 0 0 0 0 0 
499252: 0.864561 1 0 0 0 0 0 0 0 0 0 
87683: 2.64538 0.600593 0.391076 0.00833077 0 0 0 0 0 0 0 
327620: 372.616 0.00702272 0.0196795 0.0575415 0.120203 0.194684 0.220904 0.184881 0.116739 0.0567208 0.0216249 
34884: 8.15784e+06 4.28748e-07 3.62939e-06 1.59917e-05 5.5554e-05 0.000202634 0.000876646 0.0047168 0.0274863 0.155234 0.811408 
370259: 0.257614 0.565109 0.434891 0 0 0 0 0 0 0 0 
447529: 0.0977294 1 0 0 0 0 0 0 0 0 0 
635647: 2.84958 0.244681 0.396866 0.292854 0.0655996 0 0 0 0 0 0 
300388: 0.811489 0.984015 0.0159852 0 0 0 0 0 0 0 0 
140363: 941.355 0.0182496 0.0375588 0.0561695 0.0955694 0.145047 0.178524 0.172472 0.138348 0.0974886 0.0605725 
35845: 1.12605e+06 2.32329e-06 8.00786e-06 4.22412e-05 0.00022706 0.00111801 0.00523161 0.0217029 0.07763 0.240149 0.653889 
408687: 0.370613 1 0 0 0 0 0 0 0 0 0 
261987: 86.8955 0.0935138 0.154348 0.207219 0.21619 0.155982 0.097361 0.0481147 0.0198267 0.00607249 0.0013721 
293753: 0.783547 1 0 0 0 0 0 0 0 0 0 
443898: 0.529486 0.804427 0.195573 0 0 0 0 0 0 0 0 
244813: 1.66534 0.479277 0.370657 0.150067 0 0 0 0 0 0 0 
280818: 7.24648 0.111827 0.198632 0.321583 0.223628 0.092607 0.0382909 0.0110008 0.00222558 0.000206756 0 
293909: 21.2284 0.0810521 0.137771 0.209338 0.296013 0.184449 0.0741356 0.0157396 0.00145925 4.21063e-05 5.70571e-07 
536369: 0.364271 1 0 0 0 0 0 0 0 0 0 
246119: 7.29612 0.349135 0.440718 0.195337 0.014661 0.000149066 0 0 0 0 0 
34991: 136448 2.6012e-05 6.89465e-05 0.000300118 0.000912495 0.00220977 0.0050662 0.0117345 0.0362772 0.158276 0.785129 
584513: 6.32429 0.55549 0.384907 0.0538431 0.00576048 0 0 0 0 0 0 
448610: 1.14819 0.599207 0.236699 0.111631 0.0458937 0.00568682 0.000882082 0 0 0 0 
106360: 9977.64 0.000645429 0.00118938 0.00229296 0.00501444 0.0111065 0.0211843 0.0393511 0.0795749 0.201802 0.637839 
411787: 15.0519 0.195706 0.321726 0.280932 0.160839 0.0382792 0.00249372 2.46628e-05 0 0 0 
189590: 7.57856 0.0232091 0.153165 0.296637 0.231675 0.144581 0.0896075 0.043853 0.0142652 0.00270698 0.000301759 
139543: 70.4791 0.0957681 0.209967 0.227121 0.173394 0.115696 0.0827007 0.0533297 0.0282365 0.0109942 0.00279248 
410674: 3.42691 0.490987 0.414282 0.0947319 0 0 0 0 0 0 0 
81074: 0.858572 1 0 0 0 0 0 0 0 0 0 
511943: 0.201701 1 0 0 0 0 0 0 0 0 0 
487339: 5.57713 0.568946 0.365949 0.0535893 0.0115159 0 0 0 0 0 0 
535094: 0.0289984 1 0 0 0 0 0 0 0 0 0 
195270: 11.433 0.507 0.393159 0.0862435 0.0130536 0.000543554 0 0 0 0 0 
595872: 1.11192 0.851667 0.148333 0 0 0 0 0 0 0 0 
296285: 0.800429 0.261459 0.338014 0.279106 0.0785346 0.0357129 0.00702796 0.000144299 7.64768e-07 0 0 
576883: 0.68325 1 0 0 0 0 0 0 0 0 0 
347085: 545102 6.97099e-05 0.000474732 0.00222353 0.0074309 0.0198351 0.0445209 0.088318 0.159803 0.266917 0.410407 
9963: 232541 1.35836e-06 1.10278e-05 8.76915e-05 0.000270245 0.00100631 0.00378793 0.0137543 0.0487044 0.180589 0.751788 
359955: 0.247926 1 0 0 0 0 0 0 0 0 0 
304495: 0.238691 1 0 0 0 0 0 0 0 0 0 
129878: 65.521 0.0358539 0.0752351 0.18988 0.292574 0.237122 0.11882 0.0394824 0.00939691 0.00152327 0.000112342 
398799: 2.28582 0.777984 0.222016 0 0 0 0 0 0 0 0 
202657: 74.9505 0.123838 0.211234 0.188102 0.147183 0.0882609 0.0521293 0.0507981 0.055567 0.0488351 0.0340527 
479839: 0.414809 1 0 0 0 0 0 0 0 0 0 
343468: 0.033917 0.59994 0.236682 0.152804 0.0105743 0 0 0 0 0 0 
398851: 0.0264076 1 0 0 0 0 0 0 0 0 0 
586211: 2.35311 0.697331 0.302669 0 0 0 0 0 0 0 0 
136517: 0.915158 0.714346 0.285654 0 0 0 0 0 0 0 0 
228017: 22.3362 0.0654237 0.0851404 0.04366 0.063737 0.0802406 0.113023 0.142805 0.15313 0.142951 0.109889 
492064: 182.049 0.0206317 0.0614 0.14817 0.246132 0.254566 0.168817 0.074334 0.0217015 0.00389764 0.000350775 
37367: 186576 5.08299e-05 0.00035014 0.00117204 0.00306478 0.0065958 0.0137123 0.0294592 0.0697397 0.195284 0.680571 
461356: 8.63297 0.446725 0.431546 0.115592 0.00613706 0 0 0 0 0 0 
75005: 0.661434 0.73857 0.257886 0.00354426 0 0 0 0 0 0 0 
488353: 1.44134 0.833005 0.160083 0.0069115 0 0 0 0 0 0 0 
301758: 5.87597 0.235771 0.185429 0.361989 0.146964 0.0588329 0.0110146 0 0 0 0 
192006: 0.844094 1 0 0 0 0 0 0 0 0 0 
435690: 1.14113 0.936452 0.0635477 0 0 0 0 0 0 0 0 
571888: 0.059258 1 0 0 0 0 0 0 0 0 0 
336818: 2.73869 0.424927 0.420785 0.120213 0.0340756 0 0 0 0 0 0 
493480: 1.07656 0.891405 0.108595 0 0 0 0 0 0 0 0 
215173: 0.879021 1 0 0 0 0 0 0 0 0 0 
336733: 2.06474 0.872657 0.127343 0 0 0 0 0 0 0 0 
117613: 1964.06 0.00585076 0.0281523 0.0646858 0.106852 0.138493 0.151242 0.149158 0.13738 0.119634 0.098552 
102973: 11.1019 0.155019 0.46919 0.238511 0.0998253 0.0168293 0.0105018 0.00690457 0.00257166 0.000576273 7.1445e-05 
67842: 2.9992e+06 3.43022e-06 9.63141e-06 3.37002e-05 9.3809e-05 0.000301526 0.00132528 0.00710772 0.0379734 0.182622 0.77053 
49924: 110751 0.000104373 0.000331827 0.000839416 0.00204016 0.00458224 0.00994887 0.0209634 0.0479641 0.156594 0.756632 
473937: 0.833084 0.881044 0.118956 0 0 0 0 0 0 0 0 
449470: 1.89768 0.135933 0.309917 0.387651 0.144067 0.0224322 0 0 0 0 0 
112099: 2.84947 0.0883512 0.467606 0.364916 0.0754559 0.00367023 0 0 0 0 0 
289076: 0.170618 1 0 0 0 0 0 0 0 0 0 
22465: 1.12066e+08 3.60119e-08 4.09437e-07 2.42462e-06 1.20699e-05 5.88404e-05 0.000356843 0.00264202 0.0199334 0.137338 0.839656 
623155: 0.741044 1 0 0 0 0 0 0 0 0 0 
386755: 1.29321 0.764131 0.235869 0 0 0 0 0 0 0 0 
222: 1.3864e+08 4.14344e-08 9.20935e-07 9.05962e-06 6.18522e-05 0.000343774 0.00167794 0.00754205 0.0332795 0.155312 0.801773 
283602: 0.547942 0.362527 0.57358 0.0638927 0 0 0 0 0 0 0 
485321: 0.360688 0.92082 0.0791804 0 0 0 0 0 0 0 0 
608730: 0.779534 1 0 0 0 0 0 0 0 0 0 
128812: 28.1891 0.0757038 0.0975065 0.0770588 0.0664849 0.0973514 0.141985 0.143585 0.119077 0.101515 0.0797317 
314635: 0.977284 1 0 0 0 0 0 0 0 0 0 
332326: 0.506521 1 0 0 0 0 0 0 0 0 0 
80522: 31.2881 0.0941523 0.109456 0.0633688 0.0471727 0.0703109 0.107856 0.144302 0.152938 0.127169 0.0832747 
588347: 0.431071 1 0 0 0 0 0 0 0 0 0 
226270: 0.651392 0.782339 0.217661 0 0 0 0 0 0 0 0 
305775: 0.183509 0.665968 0.334032 0 0 0 0 0 0 0 0 
105720: 1.10264 0.853734 0.146266 0 0 0 0 0 0 0 0 
255540: 0.711608 1 0 0 0 0 0 0 0 0 0 
377783: 1.70597 0.826098 0.173902 0 0 0 0 0 0 0 0 
141250: 3.55757 0.187794 0.427194 0.282194 0.0850735 0.0159413 0.00180355 0 0 0 0 
427777: 0.894823 1 0 0 0 0 0 0 0 0 0 
462040: 1.67951 0.786876 0.213124 0 0 0 0 0 0 0 0 
377951: 0.685153 1 0 0 0 0 0 0 0 0 0 
447081: 0.674605 1 0 0 0 0 0 0 0 0 0 
527195: 1.34911 0.896944 0.103056 0 0 0 0 0 0 0 0 
646258: 0.614366 1 0 0 0 0 0 0 0 0 0 
161958: 22.5826 0.166003 0.374529 0.309861 0.121223 0.0255869 0.00274812 4.95681e-05 0 0 0 
593759: 0.722119 1 0 0 0 0 0 0 0 0 0 
374912: 3.81219 0.317347 0.489278 0.150015 0.042289 0.00107119 0 0 0 0 0 
405775: 1.89799 0.652121 0.310806 0.037073 0 0 0 0 0 0 0 
435985: 0.294138 1 0 0 0 0 0 0 0 0 0 
328640: 0.460474 0.729325 0.270675 0 0 0 0 0 0 0 0 
412072: 13.0417 0.273913 0.331978 0.247721 0.116524 0.0273622 0.00243884 6.30334e-05 0 0 0 
141129: 1451.64 0.00530738 0.0124828 0.0278659 0.0497132 0.0660455 0.0868952 0.101199 0.124569 0.183611 0.342311 
20829: 137118 3.10682e-05 0.000128326 0.000321872 0.000671926 0.00193504 0.00697023 0.0241812 0.0734811 0.210815 0.681464 
373800: 0.040847 1 0 0 0 0 0 0 0 0 0 
519231: 0.921908 0.634846 0.365154 0 0 0 0 0 0 0 0 
278734: 1.58373 1 0 0 0 0 0 0 0 0 0 
191963: 2.54972 0.426939 0.454069 0.0855393 0.0301203 0.00323738 9.52742e-05 0 0 0 0 
635102: 9.76431 0.410132 0.324302 0.219044 0.0459065 0.000615523 0 0 0 0 0 
583674: 1.05792 0.810395 0.189605 0 0 0 0 0 0 0 0 
569884: 0.849847 0.636471 0.363529 0 0 0 0 0 0 0 0 
231216: 0.658896 1 0 0 0 0 0 0 0 0 0 
394721: 1.01298 0.850119 0.149881 0 0 0 0 0 0 0 0 
597361: 17.8694 0.169062 0.300156 0.312191 0.16488 0.0466333 0.00665149 0.000420585 4.76118e-06 0 0 
646878: 0.386884 1 0 0 0 0 0 0 0 0 0 
346753: 4.66119 0.391483 0.480677 0.12784 0 0 0 0 0 0 0 
50100: 3.35505e+07 4.21932e-07 4.52991e-06 3.48999e-05 0.000190328 0.000820761 0.00305693 0.0109571 0.0413189 0.172036 0.77158 
266075: 0.499465 1 0 0 0 0 0 0 0 0 0 
563101: 0.049292 1 0 0 0 0 0 0 0 0 0 
68905: 12.6803 0.31339 0.36326 0.223973 0.0826433 0.0157713 0.000962298 0 0 0 0 
35537: 1.68839e+06 9.19121e-06 3.53048e-05 0.000110339 0.000238773 0.000503979 0.00117544 0.00366673 0.0189968 0.128008 0.847255 
33649: 1.53198 0.971181 0.0288191 0 0 0 0 0 0 0 0 
101759: 2.22524 0.71343 0.228798 0.040043 0.0108468 0.00627588 0.000605764 0 0 0 0 
78108: 0.536973 1 0 0 0 0 0 0 0 0 0 
186462: 0.430698 1 0 0 0 0 0 0 0 0 0 
274243: 0.872459 0.909518 0.0904818 0 0 0 0 0 0 0 0 
171819: 3.03244 0.477526 0.226411 0.186246 0.0828298 0.0251893 0.00154576 0.000251524 0 0 0 
114230: 1687.46 0.000986835 0.00109179 0.00257888 0.00266278 0.00428826 0.0112617 0.0328714 0.0914468 0.241939 0.610873 
290932: 0.369807 0.99029 0.00971027 0 0 0 0 0 0 0 0 
565752: 0.0282095 1 0 0 0 0 0 0 0 0 0 
645631: 4.1795 0.643332 0.260567 0.0831732 0.0129286 0 0 0 0 0 0 
49820: 212637 5.7777e-06 3.47932e-05 6.7221e-05 0.000132589 0.000447638 0.00211313 0.0103395 0.0469601 0.194811 0.745088 
508561: 0.0478949 1 0 0 0 0 0 0 0 0 0 
456303: 1.46015 1 0 0 0 0 0 0 0 0 0 
246252: 1.96185 0.838942 0.161058 0 0 0 0 0 0 0 0 
74044: 475797 3.0538e-06 1.05448e-05 3.51825e-05 0.000110476 0.000264574 0.000627991 0.00281752 0.0201007 0.139575 0.836455 
134760: 0.352099 1 0 0 0 0 0 0 0 0 0 
241705: 1.26106 0.62113 0.37887 0 0 0 0 0 0 0 0 
257739: 20.7645 0.336312 0.340897 0.185884 0.100401 0.0322886 0.00421868 0 0 0 0 
594720: 2.13695 0.727449 0.272551 0 0 0 0 0 0 0 0 
88049: 602.057 0.0114402 0.0333522 0.0558882 0.0756732 0.0950562 0.114673 0.124495 0.13876 0.159338 0.191324 
310062: 1.0789 0.862677 0.137323 0 0 0 0 0 0 0 0 
42601: 10.4072 0.478064 0.349498 0.1455 0.0255691 0.0013523 1.734e-05 0 0 0 0 
507992: 10.4046 0.768856 0.141703 0.072894 0.0155906 0.000921818 3.39197e-05 0 0 0 0 
84133: 480.691 0.00134507 0.00232354 0.0100959 0.0239579 0.0462925 0.08268 0.114454 0.144271 0.204474 0.370105 
325503: 15.1703 0.0908829 0.229005 0.322747 0.209884 0.0973946 0.0392366 0.00977074 0.0010373 4.12679e-05 0 
40536: 0.577848 1 0 0 0 0 0 0 0 0 0 
10656: 0.592033 1 0 0 0 0 0 0 0 0 0 
444379: 0.661235 1 0 0 0 0 0 0 0 0 0 
1417: 125434 7.57275e-06 1.90775e-05 0.000227618 0.000961458 0.00320996 0.00783846 0.0170756 0.0406101 0.146797 0.783253 
71870: 4004.38 0.00248374 0.00667194 0.0186688 0.0373954 0.061613 0.0840326 0.102615 0.130948 0.198869 0.356703 
171549: 10.6958 0.0381013 0.159893 0.139325 0.140407 0.11203 0.0791785 0.0680963 0.0800303 0.0956678 0.0872696 
210631: 10.3799 0.2416 0.24661 0.249555 0.174617 0.0715835 0.0147252 0.0012889 2.00765e-05 0 0 
480429: 2.13425 0.147539 0.68664 0.164116 0.00170476 0 0 0 0 0 0 
81266: 36.6682 0.0920361 0.176945 0.196837 0.174172 0.121436 0.0981322 0.0717667 0.0434653 0.0190817 0.00612814 
597081: 40.7168 0.163302 0.287189 0.295385 0.174112 0.0610428 0.0157706 0.00288149 0.000298041 1.85947e-05 4.82073e-07 
89702: 274.164 0.011266 0.0437883 0.0877061 0.119954 0.12321 0.117077 0.119819 0.12725 0.127848 0.122081 
202964: 15.2927 0.108155 0.243651 0.291714 0.226375 0.0866449 0.0310533 0.0122292 0.000176768 0 0 
566528: 0.993636 1 0 0 0 0 0 0 0 0 0 
282863: 0.999235 1 0 0 0 0 0 0 0 0 0 
313043: 1.98798 0.808058 0.191942 0 0 0 0 0 0 0 0 
74675: 9.56436 0.34748 0.413403 0.181429 0.0426539 0.0124303 0.00260374 0 0 0 0 
623056: 0.216137 1 0 0 0 0 0 0 0 0 0 
272280: 28.4637 0.167712 0.288614 0.265169 0.149567 0.0906585 0.0322687 0.00520063 0.00072008 8.39507e-05 5.3021e-06 
30222: 1.28711e+06 7.31378e-07 7.10282e-06 7.77269e-05 0.000383026 0.00143012 0.0043386 0.0119748 0.0353737 0.141204 0.80521 
210393: 26.2919 0.1936 0.296106 0.224182 0.115642 0.0580411 0.0446414 0.0400198 0.020441 0.00602714 0.00130008 
30223: 8.48008e+06 1.14522e-06 1.25323e-05 6.1757e-05 0.000230585 0.000699533 0.00193075 0.00570346 0.022767 0.129828 0.838766 
196863: 3.39425 0.629586 0.305901 0.0600714 0.00444211 0 0 0 0 0 0 
207507: 0.518879 1 0 0 0 0 0 0 0 0 0 
526923: 3.76541 0.32521 0.21621 0.29232 0.16626 0 0 0 0 0 0 
471039: 0.2374 1 0 0 0 0 0 0 0 0 0 
13462: 6.94728e+07 2.02238e-07 1.3855e-06 8.03346e-06 3.90336e-05 0.000180009 0.00086065 0.00454805 0.0260662 0.150054 0.818243 
114914: 1159.98 0.00369798 0.00405212 0.0136974 0.0331199 0.0516544 0.0775815 0.103786 0.140817 0.212708 0.358886 
368494: 0.305358 1 0 0 0 0 0 0 0 0 0 
591685: 162.65 0.0243474 0.0829162 0.164977 0.232638 0.2298 0.156845 0.0760873 0.0260304 0.00571831 0.000640354 
413921: 0.633022 1 0 0 0 0 0 0 0 0 0 
97572: 2.2161 0.490539 0.208834 0.177765 0.104871 0.0179899 0 0 0 0 0 
91329: 15.4131 0.162697 0.239032 0.265291 0.197038 0.096663 0.0328428 0.00609488 0.000342024 0 0 
393722: 0.296034 1 0 0 0 0 0 0 0 0 0 
595983: 4.37549 0.386145 0.48519 0.12774 0.000926317 0 0 0 0 0 0 
172550: 1.72323 0.770835 0.229165 0 0 0 0 0 0 0 0 
28691: 252322 2.77521e-05 4.62301e-05 0.000146993 0.000527742 0.00192537 0.00590002 0.0167897 0.0501932 0.176525 0.747918 
443198: 0.0373336 1 0 0 0 0 0 0 0 0 0 
315240: 0.972759 1 0 0 0 0 0 0 0 0 0 
180319: 236.088 0.0380656 0.0719406 0.0761227 0.0745299 0.0882075 0.092719 0.103419 0.131322 0.158642 0.165032 
75313: 9.70301 0.137992 0.189105 0.279874 0.202753 0.106686 0.0538521 0.0218029 0.00627472 0.00147611 0.000183908 
127416: 3.87196 0.411493 0.345274 0.177523 0.0591934 0.00651628 0 0 0 0 0 
42851: 2115.95 0.000660499 0.000732829 0.001632 0.00389952 0.0105657 0.0234344 0.0546789 0.1241 0.258507 0.521789 
449012: 0.18694 1 0 0 0 0 0 0 0 0 0 
140908: 34.7828 0.0107906 0.0186738 0.0143608 0.04304 0.123528 0.190643 0.206733 0.177219 0.131226 0.0837853 
332264: 0.990209 0.982729 0.017271 0 0 0 0 0 0 0 0 
90115: 327.828 0.00279528 0.0180511 0.0384777 0.0442961 0.0356399 0.0263878 0.0319666 0.0626654 0.176003 0.563717 
56317: 550.098 0.00274016 0.00590122 0.0201847 0.0445593 0.0626908 0.0789557 0.0969919 0.135702 0.217541 0.334733 
331524: 4.35842 0.338852 0.449871 0.198155 0.0129404 0.000182584 0 0 0 0 0 
652233: 1.84123 0.776833 0.223167 0 0 0 0 0 0 0 0 
145891: 0.171891 0.707664 0.292336 0 0 0 0 0 0 0 0 
334715: 0.0683121 1 0 0 0 0 0 0 0 0 0 
516184: 0.212333 1 0 0 0 0 0 0 0 0 0 
326479: 0.577153 0.678445 0.206516 0.101175 0.0108657 0.00247235 0.00052604 0 0 0 0 
384245: 3.05015 0.28004 0.294282 0.347137 0.0615689 0.0161007 0.000871843 0 0 0 0 
65124: 39.0918 0.0469103 0.081376 0.100108 0.0983418 0.0917027 0.114918 0.133908 0.128123 0.105457 0.0991551 
401869: 0.359023 1 0 0 0 0 0 0 0 0 0 
40034: 4.01967 0.336779 0.335573 0.234614 0.0930341 0 0 0 0 0 0 
242143: 0.232019 1 0 0 0 0 0 0 0 0 0 
461545: 0.540615 1 0 0 0 0 0 0 0 0 0 
377852: 0.564961 1 0 0 0 0 0 0 0 0 0 
209303: 1.6287 0.925163 0.0748371 0 0 0 0 0 0 0 0 
108289: 0.810354 0.724479 0.275521 0 0 0 0 0 0 0 0 
312161: 3.72992 0.174327 0.434172 0.247644 0.107965 0.0330902 0.00280168 0 0 0 0 
207313: 0.722963 0.883127 0.116873 0 0 0 0 0 0 0 0 
60133: 134407 0.00013704 0.000414501 0.00119598 0.00302719 0.00673662 0.0136698 0.0265036 0.0576801 0.172406 0.718229 
282724: 2.42868 0.697398 0.249195 0.053407 0 0 0 0 0 0 0 
173195: 1.41452 0.774807 0.140952 0.0508235 0.026783 0.00663495 0 0 0 0 0 
269030: 0.182933 1 0 0 0 0 0 0 0 0 0 
242763: 12.6941 0.480995 0.255456 0.118392 0.0770718 0.0493421 0.016725 0.00200749 9.89577e-06 0 0 
79693: 213202 1.23733e-05 5.75851e-05 0.000361187 0.0014729 0.00506806 0.0153455 0.0404703 0.0961424 0.22557 0.6155 
145424: 1.98678 0.547177 0.21205 0.195345 0.0381256 0.00435571 0.00245998 0.000466844 1.94737e-05 0 0 
244822: 3.2273 0.800147 0.183542 0.0163106 0 0 0 0 0 0 0 
76885: 3.47861 0.365406 0.574753 0.0591214 0.000719738 0 0 0 0 0 0 
140097: 51.028 0.0153601 0.0658006 0.170523 0.18302 0.180637 0.173888 0.116785 0.0569376 0.02541 0.0116396 
78533: 593.944 0.00208248 0.0103726 0.0375552 0.0779056 0.114825 0.149902 0.170471 0.167685 0.144874 0.124327 
320035: 0.881273 1 0 0 0 0 0 0 0 0 0 
250: 1876.9 0.00532378 0.0187473 0.0403564 0.0577881 0.0708963 0.0883898 0.117442 0.155385 0.195751 0.249921 
433829: 3.3167 0.593117 0.374745 0.0321384 0 0 0 0 0 0 0 
65600: 152.097 0.0117873 0.0223728 0.0364946 0.0396222 0.0316767 0.0259421 0.0402641 0.0933838 0.22566 0.472796 
188034: 0.92065 1 0 0 0 0 0 0 0 0 0 
299630: 4.03556 0.206245 0.577329 0.196426 0.0200005 0 0 0 0 0 0 
113075: 25.6853 0.0433881 0.0445573 0.0765128 0.116238 0.152061 0.182384 0.165456 0.115821 0.0674297 0.0361513 
162450: 5451.31 0.000619067 0.00194899 0.00253895 0.00711291 0.0266204 0.0722058 0.144514 0.221284 0.26627 0.256886 
198872: 1.24165 1 0 0 0 0 0 0 0 0 0 
330900: 3.47584 0.427501 0.362153 0.168626 0.0325014 0.00730706 0.0016307 0.000250919 2.81961e-05 2.53894e-06 5.38304e-08 
30790: 2.13468 0.842816 0.157184 0 0 0 0 0 0 0 0 
427431: 0.756713 1 0 0 0 0 0 0 0 0 0 
546974: 0.294467 1 0 0 0 0 0 0 0 0 0 
236544: 1.62716 0.405885 0.455909 0.138206 0 0 0 0 0 0 0 
337192: 0.016583 1 0 0 0 0 0 0 0 0 0 
361604: 0.80989 1 0 0 0 0 0 0 0 0 0 
193318: 0.952541 1 0 0 0 0 0 0 0 0 0 
67920: 3.33852 0.810965 0.154684 0.033925 0.000426247 0 0 0 0 0 0 
281367: 19.734 0.12657 0.0845034 0.261212 0.334701 0.16187 0.0294389 0.00169459 1.07547e-05 0 0 
380525: 0.151529 1 0 0 0 0 0 0 0 0 0 
292215: 5.9496 0.501792 0.411981 0.0862269 0 0 0 0 0 0 0 
318178: 4.79692 0.773474 0.226526 0 0 0 0 0 0 0 0 
314328: 3.97573 0.240238 0.403381 0.264785 0.0899776 0.00161814 0 0 0 0 0 
302828: 0.378114 1 0 0 0 0 0 0 0 0 0 
287347: 0.784979 1 0 0 0 0 0 0 0 0 0 
146808: 3.70622 0.118253 0.155292 0.226393 0.260529 0.169899 0.0601666 0.00870351 0.000735642 2.86976e-05 0 
178160: 0.800851 0.555727 0.444273 0 0 0 0 0 0 0 0 
99935: 1716.11 0.00349618 0.00870444 0.0178514 0.0346229 0.0537942 0.0720821 0.0891073 0.11835 0.198685 0.403306 
502136: 19.8777 0.133375 0.196577 0.251022 0.194233 0.109305 0.0569922 0.0267978 0.0197097 0.0101545 0.00183471 
192054: 1.46438 0.165452 0.523734 0.279355 0.0281802 0.00327887 0 0 0 0 0 
474040: 0.439689 1 0 0 0 0 0 0 0 0 0 
346730: 2.80827 0.686982 0.223568 0.0796316 0.00981869 0 0 0 0 0 0 
174398: 31.3985 0.117462 0.0992844 0.0998428 0.152977 0.157169 0.117235 0.0604654 0.0346539 0.0513633 0.109548 
435735: 50.3155 0.129563 0.264628 0.288673 0.191268 0.0889872 0.0291901 0.00670494 0.000923938 6.03703e-05 1.10073e-06 
230017: 0.806786 1 0 0 0 0 0 0 0 0 0 
377867: 1.54765 0.786522 0.193461 0.0200173 0 0 0 0 0 0 0 
535494: 0.581469 1 0 0 0 0 0 0 0 0 0 
625086: 0.942459 1 0 0 0 0 0 0 0 0 0 
8563: 2.22704e+07 6.64806e-08 3.57328e-07 1.81198e-06 7.75067e-06 3.52871e-05 0.000229569 0.0019773 0.016916 0.128518 0.852314 
343867: 1.49917 0.60908 0.39092 0 0 0 0 0 0 0 0 
246000: 0.279287 1 0 0 0 0 0 0 0 0 0 
600954: 16.6723 0.239929 0.370772 0.260335 0.103502 0.0231784 0.00226184 2.19775e-05 4.30868e-08 0 0 
122119: 49.7047 0.0146346 0.0256115 0.0612343 0.0946036 0.156087 0.177232 0.150369 0.123614 0.108063 0.0885497 
584783: 0.743346 1 0 0 0 0 0 0 0 0 0 
284790: 1.37426 1 0 0 0 0 0 0 0 0 0 
11505: 1.271e+08 5.03801e-08 1.17174e-06 9.81142e-06 5.66843e-05 0.000265602 0.00111713 0.00482659 0.0241133 0.13856 0.83105 
236469: 0.641388 1 0 0 0 0 0 0 0 0 0 
468240: 0.906021 1 0 0 0 0 0 0 0 0 0 
462015: 0.954464 1 0 0 0 0 0 0 0 0 0 
199565: 0.929769 1 0 0 0 0 0 0 0 0 0 
193787: 118.097 0.00985867 0.0154839 0.0529682 0.106569 0.156066 0.181065 0.173645 0.140447 0.100989 0.062908 
312103: 0.415154 1 0 0 0 0 0 0 0 0 0 
549105: 2.47113 0.464221 0.309765 0.161969 0.0637419 0.00030243 0 0 0 0 0 
160521: 3.37703 0.736259 0.263741 0 0 0 0 0 0 0 0 
31633: 248518 3.7926e-06 2.89233e-05 9.9561e-05 0.000433943 0.00121729 0.00296819 0.00723033 0.0237423 0.128198 0.836077 
496142: 3.15941 0.609083 0.352201 0.0387164 0 0 0 0 0 0 0 
320368: 15.3283 0.0577155 0.194507 0.372126 0.274123 0.085712 0.0142852 0.00144981 7.95066e-05 1.4869e-06 0 
63910: 9721.53 0.000865357 0.00157263 0.00402661 0.00559541 0.0070817 0.00879225 0.0147385 0.0389892 0.15531 0.763028 
549012: 1.97474 0.491733 0.416733 0.0874655 0.00406808 0 0 0 0 0 0 
246446: 0.0799645 1 0 0 0 0 0 0 0 0 0 
634949: 0.159749 0.759621 0.240379 0 0 0 0 0 0 0 0 
55946: 15995.5 0.00016639 0.000463682 0.0023947 0.00770765 0.0168023 0.0310731 0.0552554 0.0975554 0.202075 0.586506 
8118: 2.66836 0.106689 0.163296 0.0416448 0.056768 0.0680609 0.0720389 0.066091 0.0755835 0.127562 0.222265 
586909: 0.0327353 1 0 0 0 0 0 0 0 0 0 
134560: 152.606 0.0186886 0.0241064 0.0450974 0.0820307 0.121238 0.136649 0.132489 0.118691 0.122641 0.198368 
459344: 2.2306 0.955795 0.0442046 0 0 0 0 0 0 0 0 
536198: 1.11516 0.95046 0.0495396 0 0 0 0 0 0 0 0 
43325: 1586.09 0.000368901 0.0007136 0.00318711 0.0111422 0.012127 0.0165205 0.0331022 0.0774828 0.206284 0.639071 
102802: 252.764 0.00395993 0.00380999 0.0170533 0.0393241 0.0747953 0.122411 0.16382 0.190649 0.196681 0.187496 
257313: 1.17707 1 0 0 0 0 0 0 0 0 0 
411807: 2.24137 0.881102 0.118898 0 0 0 0 0 0 0 0 
167137: 273482 3.44819e-05 0.000174338 0.000658037 0.0020182 0.00564301 0.0151205 0.0393042 0.0987169 0.242557 0.595773 
307113: 0.10995 0.506237 0.389349 0.104414 0 0 0 0 0 0 0 
196209: 0.715297 0.505725 0.342002 0.152274 0 0 0 0 0 0 0 
388069: 0.428102 1 0 0 0 0 0 0 0 0 0 
204731: 98587.2 1.94933e-05 0.000124394 0.000588421 0.00242187 0.0084161 0.0248234 0.0631975 0.140982 0.277337 0.48209 
253676: 0.149524 1 0 0 0 0 0 0 0 0 0 
392026: 3.76009 0.699679 0.294097 0.00622388 0 0 0 0 0 0 0 
386529: 0.401312 1 0 0 0 0 0 0 0 0 0 
197388: 0.426054 1 0 0 0 0 0 0 0 0 0 
72956: 7.6791 0.284706 0.361618 0.268915 0.0794918 0.00526931 0 0 0 0 0 
595252: 1.87836 0.853861 0.123967 0.0221716 0 0 0 0 0 0 0 
340574: 23.1767 0.0250518 0.0259575 0.106864 0.118339 0.186523 0.197664 0.16069 0.103564 0.0521241 0.0232222 
46975: 3.663 0.846965 0.153035 0 0 0 0 0 0 0 0 
615759: 0.108456 1 0 0 0 0 0 0 0 0 0 
572643: 2.09783 0.7713 0.2287 0 0 0 0 0 0 0 0 
421547: 0.592771 0.948011 0.0519893 0 0 0 0 0 0 0 0 
490723: 0.726856 0.936433 0.0635669 0 0 0 0 0 0 0 0 
495243: 1.32577 0.81802 0.18198 0 0 0 0 0 0 0 0 
229235: 0.363675 1 0 0 0 0 0 0 0 0 0 
21763: 432.877 0.00753042 0.0471319 0.0387732 0.0466418 0.0526574 0.0735262 0.115804 0.163562 0.20216 0.252213 
437568: 0.556495 0.893807 0.106193 0 0 0 0 0 0 0 0 
596685: 449.211 0.0155543 0.0670075 0.148223 0.206626 0.213353 0.170951 0.105549 0.0498708 0.0181273 0.00473849 
230697: 2.3689 0.761426 0.238574 0 0 0 0 0 0 0 0 
426978: 1.82838 0.782755 0.217245 0 0 0 0 0 0 0 0 
97279: 36.6456 0.0414306 0.0825323 0.0840694 0.124854 0.131183 0.12216 0.0977687 0.0885956 0.0992929 0.128113 
652573: 1.49718 0.735409 0.245008 0.0195832 0 0 0 0 0 0 0 
156578: 71948.8 2.34949e-05 3.68679e-05 0.000115285 0.000346699 0.00148 0.00691714 0.0274813 0.0904178 0.253052 0.620129 
441374: 3.12946 0.568968 0.39654 0.0344922 0 0 0 0 0 0 0 
250271: 41.0252 0.107404 0.119301 0.251995 0.282386 0.16441 0.0590271 0.0137171 0.00171085 4.84798e-05 0 
324597: 0.0307332 1 0 0 0 0 0 0 0 0 0 
611898: 3.92821 0.605811 0.33701 0.057179 0 0 0 0 0 0 0 
39726: 7.05443e+06 3.14008e-07 3.9844e-06 1.35147e-05 4.31652e-05 0.000136496 0.000595437 0.0035067 0.0227072 0.142458 0.830536 
95031: 502.727 0.0080216 0.0105435 0.0142107 0.0134572 0.0150129 0.0171562 0.0231048 0.0492654 0.166395 0.682833 
403184: 11832.4 9.2996e-05 0.000471973 0.00184873 0.00597138 0.0172774 0.0435278 0.0942382 0.174718 0.278286 0.383568 
517628: 0.725297 1 0 0 0 0 0 0 0 0 0 
86588: 2.93428 0.111766 0.230792 0.349755 0.182078 0.0852786 0.0261546 0.0110582 0.00311835 0 0 
111573: 156014 3.99799e-05 9.30384e-05 0.000265418 0.000554835 0.00110418 0.00246859 0.00846691 0.039201 0.18318 0.764626 
351411: 0.78406 1 0 0 0 0 0 0 0 0 0 
26715: 2.62795e+06 1.54352e-06 6.64154e-06 3.34662e-05 0.000175429 0.000823921 0.00350824 0.013475 0.0499316 0.18854 0.743504 
79917: 148.576 0.00716142 0.0335388 0.0724351 0.144601 0.184183 0.152308 0.100672 0.0713677 0.0830241 0.150709 
181234: 0.441888 0.768606 0.231394 0 0 0 0 0 0 0 0 
30407: 1.15276e+07 6.48803e-07 2.94412e-06 8.40741e-06 2.19594e-05 8.37079e-05 0.00059793 0.00458398 0.030144 0.167292 0.797264 
345109: 80.5125 0.0183362 0.0179034 0.0444067 0.0772056 0.108946 0.132479 0.14116 0.134069 0.128483 0.197012 
344115: 13.6507 0.149701 0.355737 0.368756 0.113989 0.0117342 8.31265e-05 0 0 0 0 
196838: 32.4129 0.417763 0.324234 0.207615 0.0467878 0.00360059 0 0 0 0 0 
649225: 0.238515 1 0 0 0 0 0 0 0 0 0 
162568: 10.7495 0.297859 0.317277 0.237082 0.108914 0.0285831 0.0101464 0.000139311 0 0 0 
102356: 0.11928 1 0 0 0 0 0 0 0 0 0 
479546: 0.622301 1 0 0 0 0 0 0 0 0 0 
62868: 6667.84 0.00266834 0.0097902 0.0162152 0.0227641 0.0327871 0.0539399 0.0895776 0.143191 0.228583 0.400483 
346926: 230643 1.30772e-06 1.47982e-05 0.000119497 0.000811257 0.0038343 0.0139835 0.0420996 0.109805 0.258283 0.571047 
373103: 0.527264 1 0 0 0 0 0 0 0 0 0 
231856: 2.99605 0.866811 0.133189 0 0 0 0 0 0 0 0 
407342: 0.87885 1 0 0 0 0 0 0 0 0 0 
458586: 1.1828 0.699067 0.298882 0.00205048 0 0 0 0 0 0 0 
560384: 0.72975 1 0 0 0 0 0 0 0 0 0 
301811: 0.703538 0.0864266 0.2148 0.0697727 0.0946859 0.148651 0.158161 0.122161 0.0693491 0.0281103 0.00788225 
29308: 2.73649e+07 1.18368e-06 9.34872e-06 4.00605e-05 0.000141401 0.000471871 0.00158665 0.00580544 0.0254346 0.137584 0.828925 
76612: 44.4717 0.182006 0.196271 0.213042 0.146513 0.0926135 0.0673903 0.0497106 0.0300177 0.0144776 0.00795824 
151519: 0.184048 1 0 0 0 0 0 0 0 0 0 
175714: 3.48209 0.0812908 0.178869 0.253196 0.29312 0.15968 0.0319567 0.00188758 0 0 0 
60408: 83661.4 1.01014e-05 0.000154775 0.00102143 0.00398111 0.0117857 0.0302593 0.0694774 0.143903 0.269929 0.469478 
131549: 1.57455 1 0 0 0 0 0 0 0 0 0 
443699: 2.6223 0.47859 0.361394 0.160016 0 0 0 0 0 0 0 
560254: 0.0139356 1 0 0 0 0 0 0 0 0 0 
255321: 3.40714 0.783211 0.216789 0 0 0 0 0 0 0 0 
162032: 1.4946 0.517654 0.182663 0.250836 0.0488479 0 0 0 0 0 0 
23868: 46131 0.00010701 0.00052573 0.00139527 0.00313248 0.00612226 0.0142478 0.0361477 0.0931398 0.23395 0.611232 
67391: 2.22884e+06 3.19972e-06 1.1021e-05 3.48466e-05 0.00012204 0.000402321 0.00155173 0.00737728 0.0377245 0.180912 0.771861 
167036: 9.46434 0.152544 0.0407434 0.11155 0.073562 0.178302 0.21687 0.140195 0.0631701 0.0195102 0.00355442 
473471: 3.27955 0.646632 0.299476 0.0538925 0 0 0 0 0 0 0 
128102: 20.033 0.166713 0.199962 0.303738 0.184826 0.0926775 0.0399835 0.0120006 0.000100357 1.17382e-09 0 
158778: 0.630096 1 0 0 0 0 0 0 0 0 0 
55025: 4.54055 0.407386 0.311212 0.161229 0.120173 0 0 0 0 0 0 
569329: 2.32945 0.809907 0.190093 0 0 0 0 0 0 0 0 
77991: 2.163 0.213948 0.560458 0.208298 0.017296 0 0 0 0 0 0 
226578: 100.435 0.101462 0.150487 0.157692 0.142933 0.135616 0.124476 0.0927892 0.055354 0.0278343 0.0113574 
71794: 1.22071 0.451543 0.430926 0.117531 0 0 0 0 0 0 0 
629023: 0.462742 1 0 0 0 0 0 0 0 0 0 
208462: 8.22323 0.157182 0.51275 0.188985 0.102312 0.03271 0.00606132 0 0 0 0 
34774: 1.44426e+07 7.47087e-07 4.11659e-06 7.68754e-06 1.6236e-05 7.14469e-05 0.00051782 0.00394738 0.0267898 0.157795 0.81085 
348214: 0.592719 0.67914 0.32086 0 0 0 0 0 0 0 0 
173555: 21.8193 0.343712 0.180196 0.16665 0.178606 0.101425 0.0264412 0.00290031 7.06676e-05 0 0 
366703: 0.0186205 1 0 0 0 0 0 0 0 0 0 
97053: 1.08525 0.810019 0.184727 0.00525392 0 0 0 0 0 0 0 
269771: 47.4763 0.0187872 0.017486 0.0289804 0.199187 0.263228 0.254987 0.145499 0.0515917 0.0153548 0.00489969 
6754: 1166.22 0.000780097 0.00181603 0.00572047 0.0105733 0.0152126 0.0260689 0.0557312 0.125209 0.26433 0.494559 
230880: 2.11232 0.893253 0.106747 0 0 0 0 0 0 0 0 
70746: 10.0998 0.340113 0.308042 0.235347 0.0999812 0.0160182 0.000498673 0 0 0 0 
93687: 27.8324 0.0680363 0.102997 0.115284 0.137096 0.142744 0.135732 0.110784 0.0751843 0.0552082 0.056935 
121672: 450.912 0.00838454 0.0306419 0.0501223 0.0732029 0.0903305 0.10918 0.129224 0.154687 0.176637 0.17759 
486418: 55.6927 0.222041 0.180425 0.158518 0.140462 0.114998 0.085176 0.0572023 0.0281552 0.010157 0.00286599 
165803: 0.619134 1 0 0 0 0 0 0 0 0 0 
609754: 0.186239 1 0 0 0 0 0 0 0 0 0 
63560: 130387 5.41772e-05 0.000209716 0.000664041 0.00209118 0.00630553 0.0181522 0.0469548 0.109799 0.242334 0.573435 
331328: 5.05231 0.532286 0.266226 0.174891 0.0265969 0 0 0 0 0 0 
197794: 0.476254 1 0 0 0 0 0 0 0 0 0 
15940: 1.264e+06 4.26582e-06 2.23901e-05 7.64317e-05 0.000173261 0.000409344 0.00112519 0.00461609 0.0264612 0.15502 0.812091 
22406: 330.494 0.00863238 0.03242 0.04646 0.061695 0.0794583 0.0939668 0.118846 0.15485 0.189913 0.213757 
38294: 49623.8 1.40104e-05 0.000103892 0.000249447 0.000898701 0.0027111 0.00796235 0.0246433 0.0751265 0.222406 0.665884 
360410: 0.13138 1 0 0 0 0 0 0 0 0 0 
463038: 1.30498 0.7292 0.2708 0 0 0 0 0 0 0 0 
64867: 10494.5 0.000123596 0.00067495 0.00186239 0.00711923 0.0171745 0.034015 0.0621894 0.114729 0.233715 0.528396 
192794: 2.80142 0.550075 0.349505 0.10042 0 0 0 0 0 0 0 
555090: 0.307181 1 0 0 0 0 0 0 0 0 0 
286888: 27.2977 0.122169 0.0889672 0.105577 0.135478 0.185171 0.183507 0.116337 0.0482418 0.012667 0.00188501 
344783: 0.161239 1 0 0 0 0 0 0 0 0 0 
462278: 7.64403 0.168784 0.369749 0.29522 0.130182 0.0309358 0.00484887 0.000280714 0 0 0 
323094: 0.586786 1 0 0 0 0 0 0 0 0 0 
10423: 125389 7.2212e-05 0.000349155 0.000582854 0.00135461 0.00330687 0.0082938 0.0213988 0.0595019 0.188707 0.716433 
315292: 1.54391 1 0 0 0 0 0 0 0 0 0 
652976: 0.457969 0.791984 0.208016 0 0 0 0 0 0 0 0 
39519: 9.65167 0.0940184 0.164855 0.293743 0.235055 0.126174 0.0484615 0.0312137 0.00647951 0 0 
491150: 5.64913 0.51356 0.330321 0.135344 0.020775 0 0 0 0 0 0 
491167: 0.0389774 1 0 0 0 0 0 0 0 0 0 
67264: 64716.7 0.000230637 0.000372628 0.000707611 0.00131932 0.00298893 0.00836942 0.026339 0.0818913 0.237613 0.640168 
83223: 4.58833 0.698545 0.237426 0.0375809 0.0264488 0 0 0 0 0 0 
184864: 9.73482 0.527017 0.332467 0.121113 0.0194035 0 0 0 0 0 0 
313086: 0.717747 1 0 0 0 0 0 0 0 0 0 
110611: 2.44102 0.824424 0.167141 0.00843524 0 0 0 0 0 0 0 
143130: 1.67394 0.692944 0.307056 0 0 0 0 0 0 0 0 
634757: 20.7471 0.152527 0.274274 0.286796 0.191655 0.0796518 0.0144624 0.000634138 0 0 0 
167016: 612.649 0.0126711 0.0185204 0.0221464 0.0289008 0.0534415 0.092591 0.128052 0.151845 0.185023 0.30681 
59465: 0.741326 1 0 0 0 0 0 0 0 0 0 
467139: 0.819601 0.663391 0.336609 0 0 0 0 0 0 0 0 
333415: 10.4245 0.13287 0.263287 0.116211 0.147507 0.0967874 0.0880621 0.0715263 0.0513413 0.0246623 0.00774495 
299895: 3.66904 0.506815 0.282928 0.210256 0 0 0 0 0 0 0 
