n = 654628
m = 1990259
begin to read Graph...
readGraph Over...
begin to init vec....
init vec Over...
totoal time: 0.219166s
166226: 0.499999 0.666667 0.222222 0.111111 0 0 
24460: 22.5476 0.107215 0.257035 0.299356 0.20059 0.135804 
169985: 0.327947 0.304927 0.171521 0.231387 0.215215 0.0769492 
47057: 12.3752 0.203108 0.390565 0.209598 0.123828 0.0729005 
456962: 0.333333 1 0 0 0 0 
454774: 0.2 1 0 0 0 0 
578347: 0.5 1 0 0 0 0 
442364: 1.33333 0.8375 0.15 0.0125 0 0 
109366: 12.4169 0.506393 0.286771 0.125852 0.0561467 0.0248371 
162398: 8.53902 0.233243 0.267022 0.309988 0.130483 0.0592645 
140188: 0.5 1 0 0 0 0 
297987: 0.333333 1 0 0 0 0 
294560: 0.296297 0.9375 0.0625 0 0 0 
491816: 0.125 1 0 0 0 0 
210887: 0.999999 0.833333 0.166667 0 0 0 
124276: 11.3992 0.351044 0.287087 0.229203 0.105433 0.0272319 
405097: 0.25 1 0 0 0 0 
520028: 1 1 0 0 0 0 
378482: 0.5 0.9 0.1 0 0 0 
178946: 0.206632 0.691358 0.271605 0.0354938 0.00154321 0 
643110: 0.999999 0.833333 0.166667 0 0 0 
519625: 1.53333 0.891304 0.108696 0 0 0 
226984: 10.7934 0.231622 0.278986 0.243711 0.160446 0.0852346 
619332: 0.999999 0.833333 0.166667 0 0 0 
37115: 2.70705 0.237475 0.346718 0.308038 0.100714 0.00705461 
207208: 0.333333 1 0 0 0 0 
571697: 1.04 0.865385 0.134615 0 0 0 
92837: 3 0.611111 0.333333 0.0555555 0 0 
124828: 0.666666 0.875 0.125 0 0 0 
132734: 2.58101 0.846385 0.102962 0.0311876 0.0132143 0.00625106 
483540: 0.5 1 0 0 0 0 
372883: 2 0.75 0.25 0 0 0 
147902: 2.57445 0.642993 0.311332 0.0308036 0.00977757 0.00509383 
341433: 1.88602 0.282783 0.276892 0.223807 0.133386 0.0831322 
42385: 4.72639 0.246841 0.45313 0.21481 0.0708198 0.0143991 
203187: 0.333333 1 0 0 0 0 
132959: 4.9266 0.175916 0.345935 0.28132 0.133576 0.0632529 
171656: 2 0.5 0.5 0 0 0 
145321: 0.666666 1 0 0 0 0 
637122: 5 0.456667 0.375 0.141667 0.025 0.00166667 
221778: 2.51373 0.629873 0.191172 0.131794 0.0391798 0.00798084 
147867: 1.96639 0.480543 0.318711 0.157078 0.0346803 0.00898742 
286105: 0.25 1 0 0 0 0 
95702: 0.5 1 0 0 0 0 
170902: 3.27187 0.407514 0.203757 0.194842 0.136899 0.0569882 
143113: 4.29415 0.664844 0.211543 0.0762356 0.033918 0.0134589 
136366: 1.85009 0.559571 0.187254 0.128429 0.079224 0.0455218 
238681: 2.72123 0.454954 0.351123 0.0940767 0.0502611 0.0495846 
534435: 2.77778 0.69 0.22 0.0799999 0.00999999 0 
39267: 41.3781 0.194849 0.314547 0.259772 0.150403 0.0804287 
549522: 0.6 0.849206 0.142857 0.00793651 0 0 
389793: 0.666666 0.875 0.125 0 0 0 
556544: 0.333333 1 0 0 0 0 
519336: 1 1 0 0 0 0 
123748: 2.1466 0.54499 0.316378 0.109836 0.0248868 0.00390847 
216524: 0.527778 0.789474 0.184211 0.0263158 0 0 
636031: 0.2 1 0 0 0 0 
179457: 0.740419 0.460428 0.299042 0.142584 0.0865578 0.0113886 
135595: 4.06346 0.208419 0.388648 0.219646 0.123546 0.0597407 
149451: 0.729166 0.8 0.2 0 0 0 
5338: 10.6469 0.154177 0.322269 0.260263 0.159142 0.104149 
68104: 10.0783 0.148835 0.149827 0.399891 0.200787 0.100659 
518052: 0.625 0.8 0.2 0 0 0 
460153: 0.5 1 0 0 0 0 
488044: 6.0382 0.248419 0.469235 0.241518 0.0371861 0.00364195 
289029: 4.83333 1 0 0 0 0 
264742: 1 1 0 0 0 0 
455649: 0.5 1 0 0 0 0 
557564: 0.5 1 0 0 0 0 
597791: 1 1 0 0 0 0 
143547: 10.8238 0.576594 0.306108 0.0934038 0.0211512 0.00274281 
148252: 0.64766 0.343115 0.59378 0.0590505 0.00401768 3.66577e-05 
56656: 12.5219 0.337087 0.301754 0.223559 0.0898491 0.0477505 
224043: 1.38664 0.345415 0.291585 0.214935 0.0951024 0.0529621 
334496: 2.11229 0.607555 0.265641 0.0933688 0.0291504 0.00428488 
408792: 0.333333 1 0 0 0 0 
472447: 2 1 0 0 0 0 
500109: 2.86383 0.80051 0.159929 0.0288403 0.0086524 0.00206882 
376269: 0.666666 0.875 0.125 0 0 0 
455431: 1 1 0 0 0 0 
506592: 1.5 0.555556 0.333333 0.111111 0 0 
501152: 0.0909091 1 0 0 0 0 
66353: 5.97703 0.150753 0.244549 0.24594 0.210394 0.148364 
599911: 0.333333 1 0 0 0 0 
263848: 3.456 0.458141 0.237839 0.193248 0.0872744 0.0234977 
492087: 0.2 0.5 0.5 0 0 0 
63239: 4.88738 0.0937788 0.181471 0.395656 0.235408 0.0936858 
22395: 61.4684 0.0982942 0.265242 0.261807 0.207876 0.166782 
181049: 0.956176 0.586488 0.312323 0.0836959 0.0146783 0.00281466 
5276: 11.6268 0.602059 0.166641 0.0867883 0.094773 0.0497389 
92033: 21.7652 0.489301 0.253655 0.16265 0.0676951 0.0266991 
322254: 1.98169 0.574111 0.282099 0.100892 0.0317339 0.0111641 
610524: 1 1 0 0 0 0 
255519: 2 0.75 0.25 0 0 0 
386252: 0.292504 0.68375 0.0854688 0.140888 0.0684339 0.0214593 
30938: 18.2419 0.171374 0.307404 0.235361 0.176219 0.109641 
303594: 0.273809 0.730435 0.104348 0.0782608 0.0608695 0.0260869 
386919: 3.10417 0.73557 0.237584 0.0261745 0.000671142 0 
327698: 0.0833333 1 0 0 0 0 
49625: 1 1 0 0 0 0 
225457: 0.444734 0.596203 0.308259 0.0832279 0.010612 0.00169856 
236383: 1.28549 0.859715 0.129009 0.00986107 0.0013291 8.57483e-05 
489137: 2.16667 0.846154 0.153846 0 0 0 
375983: 0.25 1 0 0 0 0 
556767: 1 0.783333 0.2 0.0166667 0 0 
77415: 1.16126 0.457836 0.344465 0.146974 0.0406309 0.0100944 
522438: 0.6 0.815435 0.165586 0.0178641 0.00107994 3.46876e-05 
56827: 21.9722 0.345133 0.252046 0.2309 0.126472 0.0454494 
388061: 0.592602 0.632802 0.320419 0.0436935 0.00308509 0 
513555: 1.50397 0.775725 0.218998 0.00527704 0 0 
440131: 1.45797 0.733243 0.221322 0.0415738 0.00376098 0.000101035 
218348: 6.903 0.512027 0.395808 0.0715326 0.0152529 0.00537971 
274680: 0.25 1 0 0 0 0 
40094: 37.9667 0.325006 0.312146 0.204826 0.107096 0.0509257 
21877: 47.3707 0.126301 0.247419 0.27148 0.215059 0.13974 
72491: 3.94166 0.262156 0.46723 0.214059 0.0461592 0.0103946 
30038: 10.6324 0.277901 0.245362 0.211964 0.16916 0.0956134 
414451: 1.36667 0.902439 0.0975609 0 0 0 
346453: 2.71667 0.687117 0.266871 0.0429448 0.00306748 0 
97899: 9.64391 0.247673 0.296283 0.226663 0.145968 0.0834125 
168274: 0.333333 0.933333 0.0666666 0 0 0 
135468: 5.26984 0.359187 0.308358 0.216491 0.0954442 0.0205195 
9755: 22.7004 0.135618 0.21773 0.264833 0.223341 0.158478 
470105: 0.916667 0.672727 0.287879 0.039394 0 0 
410156: 0.5 1 0 0 0 0 
168053: 5.93737 0.31099 0.28158 0.220941 0.128037 0.0584515 
377004: 0.5 1 0 0 0 0 
460083: 0.142857 1 0 0 0 0 
376134: 0.2 1 0 0 0 0 
609430: 0.666666 0.875 0.125 0 0 0 
367635: 5.08333 0.737705 0.204918 0.0491803 0.00819671 0 
62246: 11.9729 0.0835219 0.0835219 0.393945 0.262113 0.176899 
397171: 1.08771 0.254594 0.575193 0.141873 0.0262419 0.00209773 
255954: 0.777777 0.75 0.214286 0.0357142 0 0 
198470: 0.333333 1 0 0 0 0 
146921: 1.39286 0.820513 0.179487 0 0 0 
25609: 20.2431 0.409662 0.322094 0.161163 0.0712852 0.0357947 
174306: 2.47172 0.519207 0.376956 0.0606618 0.0274918 0.0156834 
96975: 1 1 0 0 0 0 
624160: 1 1 0 0 0 0 
335626: 13.9888 0.521304 0.340044 0.110177 0.0238095 0.00466555 
130735: 8.74638 0.381178 0.31166 0.207019 0.0770664 0.023076 
630998: 0.5 1 0 0 0 0 
17537: 17.0335 0.171632 0.197938 0.2219 0.223025 0.185506 
57727: 0.405956 0.55718 0.183283 0.100755 0.0958057 0.0629772 
89939: 0.5 1 0 0 0 0 
203772: 2 0.75 0.25 0 0 0 
491492: 0.818208 0.516518 0.347535 0.101329 0.0280198 0.00659871 
547299: 0.5 1 0 0 0 0 
341119: 2 0.833333 0.166667 0 0 0 
31082: 7.9245 0.210728 0.310783 0.221291 0.158557 0.0986407 
324095: 1.5 0.888889 0.111111 0 0 0 
64365: 50.8902 0.563551 0.291676 0.103372 0.0308145 0.0105867 
89950: 3.62581 0.257515 0.407031 0.195957 0.0966208 0.0428769 
294518: 3.12072 0.668408 0.231791 0.0588649 0.0324959 0.00843991 
408398: 1.33333 0.8375 0.15 0.0125 0 0 
29443: 3.20056 0.044635 0.45604 0.264649 0.171601 0.0630741 
87401: 6.39819 0.246163 0.332497 0.248413 0.129721 0.0432053 
121204: 2.42082 0.786267 0.115834 0.0611332 0.0263681 0.010397 
337586: 0.770833 0.648649 0.27027 0.0743243 0.00675675 0 
22243: 85.5029 0.159099 0.289341 0.23779 0.186606 0.127165 
574040: 0.666666 0.875 0.125 0 0 0 
55957: 15.9784 0.21892 0.234205 0.281353 0.171915 0.0936068 
16521: 11.3001 0.252762 0.257107 0.185055 0.174868 0.130208 
492664: 0.7 0.444445 0.492063 0.063492 0 0 
602850: 0.666666 0.875 0.125 0 0 0 
563533: 0.0769231 1 0 0 0 0 
800: 12.7193 0.273145 0.254826 0.211089 0.154856 0.106083 
563225: 0.5 1 0 0 0 0 
372660: 1 1 0 0 0 0 
128222: 2.52289 0.649438 0.191676 0.106895 0.041537 0.0104542 
295894: 0.5 1 0 0 0 0 
342329: 0.25 1 0 0 0 0 
430441: 1.34179 0.629324 0.273505 0.0791536 0.0158567 0.00216081 
91543: 0.5 1 0 0 0 0 
169973: 5.96663 0.794571 0.15039 0.0274305 0.0173596 0.0102488 
183806: 0.5 1 0 0 0 0 
467530: 0.5 1 0 0 0 0 
68931: 9.10418 0.298359 0.415246 0.176714 0.067222 0.0424587 
453316: 0.2 1 0 0 0 0 
245558: 2.19444 0.926582 0.0734176 0 0 0 
623661: 0.25 1 0 0 0 0 
277925: 0.8 0.875 0.125 0 0 0 
19924: 25.3949 0.108406 0.262137 0.26686 0.216129 0.146469 
461718: 0.142857 1 0 0 0 0 
545102: 0.2 1 0 0 0 0 
113727: 3.76628 0.519965 0.368032 0.0861512 0.0205373 0.00531409 
293439: 0.666666 1 0 0 0 0 
162045: 0.488312 0.595745 0.344858 0.0561043 0.00316616 0.000126646 
54291: 13.7994 0.244863 0.360881 0.239466 0.1173 0.0374895 
314364: 0.44 0.909091 0.0909091 0 0 0 
78432: 0.733483 0.378711 0.392242 0.137096 0.0726774 0.0192735 
55089: 13.6394 0.423235 0.227577 0.169055 0.113895 0.0662366 
111418: 4.12821 0.49477 0.211981 0.131653 0.102635 0.0589611 
17668: 6.11177 0.440407 0.325306 0.0839777 0.0831146 0.0671953 
194217: 0.333333 1 0 0 0 0 
404928: 0.28 0.714286 0.261905 0.0238096 0 0 
75789: 7.15215 0.407697 0.214852 0.135837 0.136797 0.104817 
189203: 0.323019 0.515966 0.232185 0.165109 0.0740412 0.0126985 
84766: 14.9674 0.183153 0.350293 0.303045 0.110587 0.0529224 
345058: 1 1 0 0 0 0 
342395: 1.88393 0.636967 0.25624 0.092733 0.0134281 0.00063191 
335319: 0.125 1 0 0 0 0 
631869: 0.375 0.666667 0.333333 0 0 0 
484425: 1 1 0 0 0 0 
535682: 26.085 0.141492 0.270898 0.303968 0.199513 0.0841284 
147575: 1.64691 0.404799 0.203522 0.217899 0.120857 0.0529221 
210287: 1.05555 0.556391 0.383459 0.056391 0.00375939 0 
230198: 3.02638 0.587572 0.205801 0.108 0.0692066 0.0294204 
12105: 2.94563 0.4241 0.323805 0.133567 0.0781064 0.040421 
123948: 0.5 1 0 0 0 0 
291257: 0.624579 0.978437 0.0161725 0.00500578 0.00038506 0 
410808: 0.285714 0.9375 0.0625 0 0 0 
595190: 0.166667 1 0 0 0 0 
470384: 3.16667 0.868421 0.131579 0 0 0 
57471: 20.6101 0.137473 0.189787 0.319895 0.208139 0.144705 
172349: 2.02031 0.37123 0.167991 0.376156 0.0740747 0.010549 
587716: 1 1 0 0 0 0 
322735: 0.152932 0.50299 0.396972 0.0898611 0.00972005 0.000457414 
627383: 0.166667 0.949123 0.05 0.000877194 0 0 
565654: 0.25 1 0 0 0 0 
639073: 0.5 1 0 0 0 0 
505310: 1.5 0.722222 0.25 0.0277778 0 0 
639005: 2 0.75 0.25 0 0 0 
4886: 16.5754 0.315729 0.293698 0.188078 0.131301 0.0711951 
411260: 0.5 1 0 0 0 0 
421844: 0.333333 1 0 0 0 0 
324510: 0.5 0.9 0.1 0 0 0 
441257: 8.22018 0.0709635 0.319119 0.348409 0.195516 0.0659932 
543258: 3.03266 0.219829 0.200849 0.275768 0.20757 0.0959836 
106340: 25.1676 0.445128 0.324238 0.149527 0.0601369 0.0209708 
571181: 3.83003 0.326368 0.246589 0.214586 0.144063 0.0683935 
130770: 3.31384 0.811717 0.10559 0.0522641 0.0214384 0.00899081 
130780: 0.0690958 0.761719 0.134766 0.0888672 0.0146484 0 
50692: 1.91459 0.0657538 0.217655 0.310168 0.255176 0.151248 
57370: 12.5122 0.0532814 0.385444 0.308188 0.168929 0.0841576 
438726: 0.125 1 0 0 0 0 
14266: 7.2172 0.19414 0.315484 0.273949 0.14989 0.066537 
125154: 0.25 1 0 0 0 0 
57580: 0.333333 1 0 0 0 0 
528099: 1.09375 0.533333 0.190476 0.190476 0.0857143 0 
255424: 0.666666 1 0 0 0 0 
81530: 8.24211 0.125376 0.24657 0.287588 0.216058 0.124407 
86240: 5.80847 0.351399 0.349284 0.171204 0.0937191 0.0343937 
633445: 0.25 1 0 0 0 0 
594510: 1.75 0.714286 0.190476 0.0833333 0.0119048 0 
109314: 0.873836 0.38146 0.483328 0.10533 0.0259446 0.00393728 
259560: 0.72326 0.892617 0.0901043 0.0132631 0.00337318 0.000642472 
506920: 0.944444 0.882353 0.117647 0 0 0 
70041: 0.5 1 0 0 0 0 
143350: 6.52011 0.439929 0.411338 0.10627 0.0309809 0.0114828 
464806: 0.666666 0.875 0.125 0 0 0 
26869: 4.68161 0.30742 0.1895 0.202606 0.182571 0.117903 
152422: 1.06794 0.540222 0.372253 0.0630439 0.0184756 0.0060057 
294510: 3.79305 0.616102 0.270784 0.0846321 0.0226678 0.00581372 
19033: 15.6658 0.0452911 0.180148 0.310377 0.264676 0.199507 
598522: 0.25 0.944444 0.0555555 0 0 0 
322205: 6.15105 0.614813 0.277125 0.0809559 0.0227499 0.00435677 
286357: 0.333333 1 0 0 0 0 
190299: 0.125 1 0 0 0 0 
314382: 0.5 1 0 0 0 0 
48816: 0.333333 1 0 0 0 0 
94994: 16.6903 0.457563 0.238212 0.214774 0.0655093 0.0239423 
360014: 1 1 0 0 0 0 
534090: 0.5 1 0 0 0 0 
51906: 4.57627 0.173822 0.320575 0.32344 0.136892 0.0452715 
137350: 0.487971 0.683102 0.213469 0.0922872 0.0108095 0.000331635 
513705: 0.777777 0.428571 0.571429 0 0 0 
218201: 3.4375 0.824242 0.163636 0.0121212 0 0 
579519: 1 1 0 0 0 0 
175850: 0.627273 0.862319 0.13285 0.00483093 0 0 
310316: 3 0.777778 0.222222 0 0 0 
170229: 1.33333 1 0 0 0 0 
43246: 2.44066 0.478014 0.145681 0.165077 0.139073 0.0721565 
537976: 0.5 1 0 0 0 0 
576869: 2 0.75 0.25 0 0 0 
39106: 15.1619 0.260832 0.348507 0.219823 0.130204 0.040634 
380259: 0.25 1 0 0 0 0 
630583: 0.666666 0.875 0.125 0 0 0 
161861: 3.14337 0.440336 0.324295 0.164032 0.0571722 0.0141655 
42569: 77.5877 0.184034 0.253193 0.235687 0.189667 0.137419 
57491: 18.3227 0.34723 0.181691 0.214037 0.160615 0.0964273 
327082: 1 1 0 0 0 0 
342622: 0.999999 0.833333 0.166667 0 0 0 
346875: 2.17187 0.901679 0.0834532 0.0131095 0.00167866 7.99364e-05 
364609: 1.11238 0.712756 0.229176 0.0482738 0.0086954 0.00109887 
500378: 0.111111 1 0 0 0 0 
208472: 0.5 1 0 0 0 0 
184792: 0.999999 0.833333 0.166667 0 0 0 
179682: 0.884628 0.30279 0.390387 0.183408 0.0728161 0.0505981 
528530: 0.230769 0.931746 0.0666667 0.0015873 0 0 
256571: 1.33333 0.7125 0.247917 0.0375 0.00208334 0 
229913: 2.72439 0.420948 0.191698 0.233905 0.123901 0.0295474 
330139: 0.333334 0.928571 0.0714286 0 0 0 
605445: 2 0.75 0.25 0 0 0 
93212: 16.5474 0.350088 0.341077 0.192065 0.0832698 0.0335003 
504319: 0.333333 1 0 0 0 0 
392139: 1.20857 0.503962 0.259238 0.123017 0.0720445 0.0417391 
531745: 0.25 1 0 0 0 0 
254992: 0.333333 1 0 0 0 0 
126443: 1.25 0.666667 0.333333 0 0 0 
182339: 2.20281 0.640796 0.253065 0.0930413 0.010836 0.00226196 
638629: 0.5 0.869048 0.125 0.00595238 0 0 
390390: 0.666666 1 0 0 0 0 
13443: 6.47832 0.185233 0.164696 0.269738 0.230043 0.150289 
261099: 0.25 1 0 0 0 0 
42771: 29.1976 0.125596 0.274872 0.267365 0.203858 0.128308 
84911: 18.0791 0.582849 0.231086 0.122293 0.0463078 0.0174646 
634204: 2.59907 0.461703 0.312077 0.16637 0.0523691 0.00748129 
644707: 0.333333 1 0 0 0 0 
389064: 0.25 1 0 0 0 0 
309716: 0.125 1 0 0 0 0 
638728: 0.666667 0.818452 0.166171 0.014881 0.000496032 0 
231346: 3.05269 0.552478 0.33792 0.0906877 0.0167144 0.00219974 
389485: 1.5 0.833333 0.166667 0 0 0 
532669: 0.999999 0.666667 0.305555 0.0277778 0 0 
143945: 0.25 1 0 0 0 0 
470501: 0.333333 1 0 0 0 0 
594279: 0.333333 1 0 0 0 0 
173157: 3.49245 0.300432 0.314609 0.174812 0.148726 0.0614203 
588266: 0.333333 1 0 0 0 0 
596459: 0.333333 1 0 0 0 0 
363220: 0.2 1 0 0 0 0 
479262: 0.944443 0.352941 0.117647 0.529412 0 0 
182850: 4.14079 0.339339 0.328823 0.211603 0.0928047 0.0274296 
626689: 1 1 0 0 0 0 
299955: 1.19019 0.395407 0.35129 0.183001 0.0568511 0.0134518 
88495: 0.5 1 0 0 0 0 
482811: 0.666666 0.875 0.125 0 0 0 
388720: 2.5 0.58 0.322222 0.0861111 0.0111111 0.000555556 
325991: 1.6 0.958333 0.0416666 0 0 0 
78129: 1.25 0.666667 0.333333 0 0 0 
255274: 1 1 0 0 0 0 
94975: 0.3125 0.4 0.6 0 0 0 
172148: 4.75521 0.304929 0.5272 0.143045 0.0212486 0.00357795 
291750: 4.09104 0.578501 0.248511 0.0808678 0.0563563 0.0357647 
383428: 0.333334 0.928571 0.0714286 0 0 0 
80569: 0.25 1 0 0 0 0 
296964: 0.833333 0.84 0.16 0 0 0 
476667: 0.2 1 0 0 0 0 
385656: 1.33333 0.875 0.125 0 0 0 
63470: 31.5322 0.223012 0.339014 0.244223 0.135533 0.0582189 
203203: 0.3 0.833333 0.138889 0.0277778 0 0 
19429: 39.0534 0.352618 0.237054 0.205423 0.132326 0.0725788 
150692: 2.0969 0.491087 0.304805 0.137097 0.0503401 0.0166706 
235340: 0.5 1 0 0 0 0 
336048: 1.25 1 0 0 0 0 
490110: 0.705729 0.688807 0.284543 0.0225503 0.00389505 0.000205002 
344406: 0.339286 0.764603 0.204076 0.029515 0.00180599 0 
97926: 1.77086 0.352935 0.474329 0.130307 0.0358165 0.00661251 
256941: 0.666666 0.875 0.125 0 0 0 
558117: 1.7999 0.566631 0.342275 0.0806249 0.00954175 0.000927538 
136162: 0.320898 0.623251 0.246704 0.0720995 0.041679 0.0162666 
456367: 7 0.214286 0.547619 0.214286 0.0238095 0 
450772: 2.59833 0.485736 0.375869 0.106692 0.0232662 0.00843542 
571134: 5.97667 0.276074 0.322635 0.230998 0.120311 0.0499819 
300405: 0.441667 0.566038 0.330189 0.0849056 0.0188679 0 
38636: 2 0.75 0.25 0 0 0 
536197: 1.5 0.722222 0.25 0.0277778 0 0 
362219: 0.666666 0.875 0.125 0 0 0 
381131: 0.444444 0.75 0.25 0 0 0 
196174: 0.25 1 0 0 0 0 
19337: 18.325 0.342533 0.321129 0.209294 0.089825 0.037219 
571791: 3 0.761111 0.197222 0.0388889 0.00277778 0 
469637: 0.333333 1 0 0 0 0 
193513: 3.36348 0.66659 0.229383 0.0830757 0.0185712 0.00237986 
112350: 4.91933 0.356937 0.32772 0.183338 0.0920687 0.0399361 
242783: 1.42387 0.234104 0.321503 0.226561 0.175496 0.0423366 
423885: 0.777777 0.857143 0.142857 0 0 0 
422028: 2 0.75 0.25 0 0 0 
80249: 3.42738 0.39875 0.267491 0.192006 0.0958358 0.0459172 
162048: 3.5 0.476191 0.365079 0.142857 0.015873 0 
211223: 0.333333 1 0 0 0 0 
253544: 0.748957 0.623089 0.198053 0.113345 0.049728 0.0157844 
1911: 2 0.75 0.25 0 0 0 
66588: 7.54244 0.173876 0.368106 0.243309 0.138906 0.0758041 
361248: 0.333333 1 0 0 0 0 
166190: 1.52836 0.708822 0.268081 0.0230973 0 0 
342478: 1 1 0 0 0 0 
15849: 12.652 0.00987985 0.168832 0.241576 0.296677 0.283036 
2978: 79.1249 0.0650264 0.172472 0.238093 0.270138 0.254271 
261479: 0.999999 0.833333 0.166667 0 0 0 
614397: 1 1 0 0 0 0 
47327: 12.9361 0.453511 0.26848 0.18641 0.0672585 0.0243407 
222914: 4.3489 0.749506 0.195142 0.0450014 0.00913752 0.00121359 
83540: 2 0.75 0.25 0 0 0 
474937: 0.333334 0.5 0.166667 0.25 0.0833333 0 
30361: 65.4817 0.310738 0.315541 0.171367 0.127869 0.0744852 
57526: 0.5 1 0 0 0 0 
141816: 0.5 1 0 0 0 0 
267201: 1 0.783333 0.2 0.0166667 0 0 
537252: 1 1 0 0 0 0 
59027: 27.8284 0.237467 0.236134 0.209361 0.191619 0.125419 
330866: 2.59722 0.609625 0.26738 0.0980393 0.0227273 0.00222817 
299066: 0.803385 0.311183 0.233387 0.181523 0.207455 0.0664506 
450447: 6 0.5 0.416667 0.0833333 0 0 
391784: 2.25 0.769638 0.230159 0.0002035 0 0 
83924: 16.018 0.142686 0.220466 0.248695 0.218759 0.169394 
312969: 0.999999 0.833333 0.166667 0 0 0 
395097: 2.5 0.8 0.2 0 0 0 
281508: 0.333333 1 0 0 0 0 
147089: 6.375 0.48366 0.437908 0.0718954 0.00653594 0 
505440: 4 0.375 0.375 0.25 0 0 
79210: 1.93143 0.352359 0.308551 0.210054 0.0971851 0.0318518 
281596: 1.69671 0.589376 0.140912 0.159807 0.0849871 0.0249177 
327753: 0.583333 1 0 0 0 0 
21418: 52.8723 0.0697623 0.107185 0.228823 0.302669 0.291561 
227262: 5.18596 0.529972 0.323735 0.118732 0.0241705 0.00339097 
610947: 4 0.520833 0.364583 0.104167 0.0104167 0 
136284: 1.25 0.6 0.333333 0.0666666 0 0 
368626: 1 1 0 0 0 0 
474272: 2 0.641667 0.295833 0.0583333 0.00416666 0 
217461: 10.7874 0.254883 0.296989 0.234501 0.144427 0.0692 
340403: 3 0.666667 0.333333 0 0 0 
273273: 2.94266 0.294518 0.292226 0.240314 0.122959 0.0499826 
544515: 0.8 0.793155 0.186756 0.0193452 0.000744048 0 
252228: 0.583335 0.285714 0.571429 0.142857 0 0 
41161: 0.5 1 0 0 0 0 
516440: 9.74932 0.413827 0.314205 0.156092 0.077413 0.0384628 
408612: 0.888888 0.75 0.25 0 0 0 
507541: 2 0.25 0.5 0.1875 0.0625 0 
359930: 0.5625 0.888889 0.111111 0 0 0 
193859: 0.5 1 0 0 0 0 
255461: 2.90521 0.372893 0.354249 0.184056 0.0744592 0.0143421 
141644: 8.13246 0.444139 0.329415 0.135865 0.0597389 0.0308418 
566728: 0.166667 1 0 0 0 0 
355280: 8 0.125 0.5 0.1875 0.1875 0 
520177: 0.333333 1 0 0 0 0 
138643: 3.29312 0.295228 0.382672 0.193006 0.0950169 0.0340765 
377334: 0.285714 0.9375 0.0625 0 0 0 
592729: 0.1 1 0 0 0 0 
472487: 0.666666 0.875 0.125 0 0 0 
650594: 1 1 0 0 0 0 
182778: 7.6155 0.632539 0.317224 0.0316261 0.0131572 0.00545415 
537484: 1 0.759524 0.213095 0.0261905 0.00119048 0 
572714: 0.938244 0.418715 0.494845 0.0777161 0.00793023 0.000793023 
330125: 2.16812 0.207553 0.233689 0.262516 0.193524 0.102719 
34113: 9.94542 0.290692 0.479495 0.180003 0.0457513 0.00405853 
338610: 5.39062 0.254932 0.226002 0.220502 0.182846 0.115718 
141680: 1.42314 0.213405 0.425487 0.256705 0.0809344 0.023469 
15462: 53.7818 0.0474808 0.148741 0.196214 0.282148 0.325416 
118193: 6.73434 0.423887 0.299837 0.183087 0.0690143 0.0241753 
146837: 0.372397 0.383615 0.202135 0.240285 0.125359 0.048605 
623914: 0.0909091 1 0 0 0 0 
457995: 1 1 0 0 0 0 
117242: 0.75 1 0 0 0 0 
43258: 30.0401 0.3631 0.242175 0.186963 0.128765 0.0789971 
63555: 19.0147 0.376671 0.352164 0.172355 0.0712278 0.0275817 
622000: 2.9998 0.530988 0.337588 0.110126 0.0195119 0.00178583 
445975: 1 1 0 0 0 0 
421533: 0.333333 1 0 0 0 0 
495323: 2.00784 0.473145 0.386935 0.116241 0.0206037 0.00307574 
283639: 2.25 0.944444 0.0555556 0 0 0 
411196: 4.64112 0.359109 0.176682 0.195056 0.17277 0.0963833 
636134: 0.750001 0.822222 0.166667 0.0111111 0 0 
25795: 3.40323 0.646444 0.230989 0.0684694 0.0309953 0.0231023 
133267: 2.55414 0.311451 0.341451 0.193862 0.110496 0.04274 
554044: 0.750001 0.822222 0.166667 0.0111111 0 0 
358075: 1 1 0 0 0 0 
351599: 0.466667 0.663265 0.294218 0.0408164 0.00170068 0 
45384: 36.9282 0.225013 0.294692 0.235506 0.156491 0.0882987 
205134: 3.2 0.645833 0.250347 0.0868055 0.0159722 0.00104167 
329156: 1 1 0 0 0 0 
547254: 1.33333 1 0 0 0 0 
17792: 1.54492 0.0380755 0.189522 0.234222 0.262195 0.275986 
443261: 0.333333 1 0 0 0 0 
404144: 0.916666 0.909091 0.090909 0 0 0 
501862: 1 1 0 0 0 0 
269860: 0.999999 0.833333 0.166667 0 0 0 
651490: 2 0.75 0.25 0 0 0 
129812: 1.17163 0.468555 0.394615 0.104481 0.0281166 0.00423255 
37495: 2 0.5 0.5 0 0 0 
597642: 1.96337 0.61153 0.27527 0.0894234 0.0203786 0.00339756 
57936: 4.72143 0.482097 0.2994 0.157303 0.0429506 0.0182487 
181977: 0.25 1 0 0 0 0 
508691: 1 1 0 0 0 0 
149147: 3.1454 0.277943 0.285281 0.228864 0.142124 0.0657879 
143333: 0.333333 1 0 0 0 0 
460747: 1.48958 0.738462 0.223776 0.0367133 0.00104895 0 
589053: 1 1 0 0 0 0 
129705: 4.95623 0.545249 0.280847 0.115094 0.0407317 0.0180781 
560042: 0.25 1 0 0 0 0 
187737: 2.6497 0.767384 0.134207 0.0814676 0.01677 0.000171599 
68514: 6.66897 0.350712 0.431852 0.167871 0.0407099 0.00885493 
293842: 0.427889 0.666887 0.127869 0.0956348 0.0808591 0.0287505 
311756: 0.5 1 0 0 0 0 
25454: 6.59596 0.360344 0.419931 0.151738 0.0484482 0.0195388 
82365: 0.110514 0.69605 0.106239 0.145417 0.0439061 0.0083872 
256104: 2.66667 0.5 0.3125 0.1875 0 0 
10548: 16.0424 0.0311674 0.252997 0.305388 0.261877 0.148571 
597608: 0.666667 0.818452 0.166171 0.014881 0.000496032 0 
646923: 0.333333 1 0 0 0 0 
394090: 0.5 1 0 0 0 0 
438370: 2 0.75 0.25 0 0 0 
319319: 2 0.75 0.25 0 0 0 
645837: 1.44075 0.428019 0.264459 0.172448 0.0957562 0.0393182 
72566: 4.84032 0.313652 0.230552 0.26135 0.133587 0.0608594 
532033: 0.750001 0.822222 0.166667 0.0111111 0 0 
247811: 0.0816327 0.875 0.120833 0.00416667 0 0 
222120: 6.20155 0.416563 0.440846 0.0977018 0.0368411 0.0080485 
306229: 0.5 1 0 0 0 0 
179965: 1 1 0 0 0 0 
28144: 3 0.611111 0.333333 0.0555555 0 0 
549715: 1.70819 0.31222 0.315148 0.256833 0.0942691 0.0215301 
642247: 0.333333 1 0 0 0 0 
198377: 3.78542 0.62705 0.257704 0.0915479 0.0205922 0.00310664 
382756: 0.5 1 0 0 0 0 
147995: 5.63744 0.186466 0.283028 0.266318 0.174356 0.0898307 
330018: 3.49911 0.490942 0.346318 0.130589 0.0285291 0.00362196 
8969: 34.7277 0.295134 0.30133 0.206787 0.124863 0.0718858 
446501: 1 1 0 0 0 0 
82963: 3.54166 0.235294 0.356078 0.280392 0.107255 0.0209804 
169575: 0.5 1 0 0 0 0 
39010: 0.333333 1 0 0 0 0 
523291: 1 1 0 0 0 0 
581574: 0.5 1 0 0 0 0 
520028: 1 1 0 0 0 0 
577127: 0.333333 1 0 0 0 0 
224384: 0.999454 0.566976 0.256807 0.158142 0.0167585 0.00131599 
3016: 324.451 0.0609041 0.141839 0.216436 0.277224 0.303596 
545433: 1 1 0 0 0 0 
429630: 0.125 1 0 0 0 0 
24711: 12.1931 0.089298 0.234418 0.251163 0.229246 0.195875 
257795: 0.333333 1 0 0 0 0 
224142: 0.458334 0.909091 0.0909092 0 0 0 
83333: 2.88116 0.162337 0.462021 0.238581 0.0987147 0.0383454 
306492: 1.93623 0.645583 0.177535 0.0981824 0.0633142 0.0153847 
58156: 2.67433 0.168266 0.409537 0.21281 0.127694 0.0816933 
86633: 2.60416 0.553456 0.259455 0.0948224 0.0617398 0.0305268 
171210: 1.97517 0.963148 0.0368521 0 0 0 
161341: 5.19989 0.678127 0.232567 0.0721645 0.0168076 0.000333344 
242798: 1 1 0 0 0 0 
557314: 0.426128 0.595989 0.299857 0.0821348 0.0194111 0.00260746 
22107: 33.202 0.144591 0.238718 0.274691 0.203642 0.138358 
442363: 0.916666 0.636364 0.304545 0.0545454 0.00454545 0 
61056: 0.333333 1 0 0 0 0 
244265: 1.97232 0.507017 0.240833 0.135265 0.0865349 0.0303506 
83881: 5.23312 0.398424 0.290217 0.178042 0.0936209 0.0396961 
260434: 0.153803 0.325092 0.564782 0.102602 0.00703203 0.000492845 
67630: 2.12492 0.388249 0.238477 0.0951098 0.13549 0.142674 
296862: 0.5 1 0 0 0 0 
410042: 2.33333 0.785714 0.214286 0 0 0 
534545: 0.5 1 0 0 0 0 
198471: 0.333333 1 0 0 0 0 
331876: 0.0714286 1 0 0 0 0 
215428: 2.28869 0.540962 0.276376 0.147551 0.0345037 0.000606849 
365450: 2.33333 0.785714 0.214286 0 0 0 
10330: 0.2 1 0 0 0 0 
300553: 0.853333 0.859375 0.125 0.015625 0 0 
305401: 5.83333 0.434286 0.277143 0.188571 0.0857142 0.0142857 
61339: 4.26944 0.517065 0.316936 0.132348 0.0258942 0.00775774 
241001: 0.25 1 0 0 0 0 
280796: 0.36232 0.76988 0.153038 0.061661 0.0143447 0.00107633 
474154: 2.55555 0.913044 0.0760869 0.0108695 0 0 
165144: 0.333334 0.928571 0.0714286 0 0 0 
224801: 2.18767 0.228553 0.476153 0.234267 0.0542814 0.0067455 
210299: 0.5 1 0 0 0 0 
188832: 2.07024 0.080506 0.283336 0.278678 0.228957 0.128523 
22586: 39.1464 0.0520786 0.191455 0.236991 0.266484 0.252991 
109379: 4.94074 0.784858 0.176818 0.0335769 0.00446651 0.000281109 
225697: 3.23 0.804954 0.19195 0.00309598 0 0 
318680: 0.2 1 0 0 0 0 
161522: 3 0.833333 0.166667 0 0 0 
89965: 6.0276 0.372098 0.196205 0.210079 0.152329 0.0692892 
435803: 0.333333 1 0 0 0 0 
36250: 7.06598 0.249117 0.337752 0.26269 0.107249 0.0431917 
150610: 0.678986 0.619505 0.190267 0.0967112 0.054345 0.0391718 
143851: 2.11407 0.835876 0.164124 0 0 0 
537720: 0.333333 1 0 0 0 0 
166331: 0.375 0.666667 0.333333 0 0 0 
122085: 2.125 0.588235 0.156863 0.117647 0.107843 0.0294117 
598726: 0.222222 0.95 0.05 0 0 0 
285817: 0.333333 1 0 0 0 0 
159974: 0.670589 0.932748 0.0672515 0 0 0 
222879: 3.18678 0.470694 0.222459 0.186152 0.096662 0.0240328 
72041: 7.8679 0.396016 0.409885 0.126033 0.0495277 0.0185374 
465877: 0.25 1 0 0 0 0 
237101: 0.499999 0.666667 0.333333 0 0 0 
11970: 56.5216 0.24794 0.230011 0.181863 0.182364 0.157823 
340430: 0.333333 1 0 0 0 0 
134778: 0.333333 1 0 0 0 0 
70872: 0.430555 0.967742 0.0322581 0 0 0 
529736: 0.5 1 0 0 0 0 
298774: 3.23103 0.615001 0.263216 0.0815137 0.0277598 0.0125096 
526602: 0.379941 0.526398 0.334012 0.111546 0.0249099 0.00313332 
485540: 2.13556 0.327783 0.520291 0.117846 0.0317378 0.00234131 
248786: 0.5 1 0 0 0 0 
48603: 50.8301 0.46095 0.231189 0.170361 0.0965664 0.0409324 
459551: 1 0.783333 0.2 0.0166667 0 0 
571473: 0.4 0.916667 0.0833334 0 0 0 
601304: 0.999999 0.833333 0.166667 0 0 0 
59370: 9.77612 0.296076 0.368776 0.204904 0.0943629 0.0358805 
569950: 1 0.783333 0.2 0.0166667 0 0 
399047: 0.5 1 0 0 0 0 
435779: 0.125 0.970588 0.0294118 0 0 0 
652280: 0.25 1 0 0 0 0 
280362: 1.26667 0.519737 0.384869 0.0942983 0.00109649 0 
152151: 0.609091 0.696517 0.266169 0.0356551 0.00165838 0 
402865: 0.796824 0.179283 0.615538 0.205179 0 0 
5349: 11.9513 0.0655438 0.121378 0.219841 0.263809 0.329428 
446973: 0.6 0.75 0.233333 0.0166667 0 0 
35760: 3.30303 0.161468 0.140443 0.228673 0.279912 0.189505 
496292: 2.25687 0.699629 0.244088 0.0511505 0.00487445 0.000258073 
464592: 2 0.75 0.25 0 0 0 
29809: 1.21583 0.528739 0.22445 0.175615 0.0599891 0.0112076 
13879: 27.5957 0.0543563 0.421909 0.33688 0.138078 0.0487767 
389528: 3.75 0.622222 0.3 0.0722222 0.00555555 0 
159349: 0.833333 1 0 0 0 0 
239735: 1.33333 1 0 0 0 0 
652036: 0.628571 0.545455 0.291667 0.13447 0.0265151 0.00189394 
517433: 0.2 1 0 0 0 0 
110043: 2.09515 0.307588 0.324464 0.155038 0.136816 0.076094 
75037: 2 1 0 0 0 0 
95309: 3.54788 0.33823 0.332571 0.20014 0.103489 0.0255707 
519156: 1 1 0 0 0 0 
436682: 2.63337 0.348096 0.116409 0.261242 0.196702 0.0775519 
518595: 0.333333 1 0 0 0 0 
160378: 1.33333 0.9375 0.0624999 0 0 0 
58121: 0.2 1 0 0 0 0 
378652: 0.333333 1 0 0 0 0 
475959: 0.4 0.916667 0.0833334 0 0 0 
216367: 7.22518 0.304491 0.244845 0.278073 0.128425 0.0441666 
504769: 1.5 0.555556 0.296296 0.12963 0.0185185 0 
581414: 1 1 0 0 0 0 
313309: 1.56848 0.489556 0.372038 0.112093 0.0205774 0.00573591 
382888: 0.5 1 0 0 0 0 
400818: 2 0.5 0.5 0 0 0 
432918: 1 1 0 0 0 0 
356450: 0.333333 1 0 0 0 0 
159754: 5.67646 0.622314 0.326839 0.0383254 0.0102659 0.00225557 
129994: 1.4 0.785714 0.178571 0.0357143 0 0 
37836: 0.5 1 0 0 0 0 
107715: 7.26667 0.610092 0.362385 0.0275229 0 0 
248843: 4 0.708333 0.25 0.0416666 0 0 
480701: 0.666666 0.875 0.125 0 0 0 
269568: 0.333333 1 0 0 0 0 
101037: 17.6539 0.225917 0.306412 0.215988 0.141025 0.110658 
91825: 0.876999 0.230243 0.193737 0.286789 0.195374 0.0938567 
248019: 1.13274 0.588547 0.329832 0.0649514 0.0144185 0.00225171 
449022: 1.91649 0.695716 0.232975 0.0554975 0.0137287 0.00208209 
102077: 0.3376 0.493682 0.374376 0.116662 0.0146635 0.000617102 
38760: 52.7033 0.21092 0.278367 0.202283 0.181704 0.126725 
263606: 1.77778 0.628125 0.321875 0.046875 0.003125 0 
31536: 21.5976 0.0733105 0.136027 0.255328 0.294035 0.241299 
571173: 0.25 1 0 0 0 0 
72020: 8.71389 0.271597 0.342047 0.211827 0.130539 0.0439911 
267812: 0.5 1 0 0 0 0 
85877: 0.25 1 0 0 0 0 
134054: 0.666666 0.5 0.416667 0.0833333 0 0 
379740: 1.12979 0.378762 0.32726 0.179854 0.0773207 0.0368033 
13791: 34.9923 0.0728731 0.176238 0.217172 0.274635 0.259083 
258091: 2.78215 0.376405 0.221838 0.225567 0.125612 0.0505773 
25353: 0.750001 0.822222 0.166667 0.0111111 0 0 
173992: 0.2 1 0 0 0 0 
384911: 1.0625 0.705882 0.235294 0.0588235 0 0 
3667: 339.455 0.0295002 0.113568 0.251732 0.306352 0.298848 
435615: 2.80542 0.597482 0.296054 0.0900561 0.0150879 0.00132019 
467541: 0.666666 0.5 0.5 0 0 0 
366743: 3 1 0 0 0 0 
58925: 3 0.666667 0.333333 0 0 0 
523863: 3.375 0.469136 0.395062 0.123457 0.0123457 0 
51597: 0.327463 0.277616 0.194331 0.237703 0.197123 0.0932259 
302774: 0.619792 0.403361 0.302521 0.0504202 0.168067 0.0756302 
89183: 0.999999 0.833333 0.166667 0 0 0 
142159: 1.31213 0.550419 0.435825 0.0137115 4.38303e-05 0 
410991: 2.16667 0.769231 0.211538 0.0192308 0 0 
251661: 1.23333 0.837838 0.162162 0 0 0 
643314: 0.25 1 0 0 0 0 
77567: 3.4998 0.455128 0.432224 0.0943931 0.0167243 0.0015307 
294046: 0.2 1 0 0 0 0 
364814: 0.25 1 0 0 0 0 
66247: 17.244 0.220475 0.23383 0.232498 0.187692 0.125505 
532415: 1 1 0 0 0 0 
219092: 1.07832 0.656887 0.238927 0.0795349 0.0208944 0.0037567 
70595: 6.8142 0.253555 0.413954 0.238915 0.0730234 0.0205522 
434876: 0.333333 1 0 0 0 0 
309508: 0.766667 0.913044 0.0869564 0 0 0 
215522: 4.44635 0.507313 0.332477 0.123741 0.0304431 0.00602603 
895: 98.9221 0.13599 0.172911 0.236047 0.243531 0.211521 
43424: 0.5 1 0 0 0 0 
100897: 1.14659 0.701821 0.236023 0.0482336 0.0102448 0.00367797 
36964: 27.4342 0.0880894 0.180834 0.289503 0.274235 0.167338 
228985: 0.78 0.726496 0.264957 0.00854702 0 0 
329111: 1.5 0.888889 0.111111 0 0 0 
36144: 4.2941 0.124201 0.188943 0.332593 0.224845 0.129418 
275133: 2.25653 0.435773 0.436212 0.106305 0.0192497 0.00246006 
651936: 2 0.75 0.25 0 0 0 
219554: 0.25 0.5 0.416667 0.0833333 0 0 
85169: 18.171 0.199836 0.301114 0.290226 0.146365 0.0624592 
73413: 9.61962 0.178376 0.29261 0.286288 0.162692 0.0800342 
462088: 0.25 1 0 0 0 0 
4418: 53.8029 0.0846889 0.209245 0.24825 0.258402 0.199414 
99436: 1.5 1 0 0 0 0 
12650: 90.6465 0.16488 0.219276 0.235565 0.21406 0.16622 
36556: 8.7718 0.526307 0.321421 0.113669 0.0322316 0.00637083 
202585: 5.19182 0.449425 0.282801 0.150496 0.0712894 0.0459886 
159564: 0.833332 0.4 0.433333 0.15 0.0166667 0 
422418: 5.83 0.454609 0.33618 0.155275 0.0448552 0.00908124 
623599: 0.25 1 0 0 0 0 
63158: 15.4237 0.137809 0.251326 0.277514 0.208276 0.125075 
105771: 0.428571 0.884259 0.111111 0.00462962 0 0 
62019: 0.633333 0.964912 0.0350877 0 0 0 
457887: 0.999999 0.833333 0.166667 0 0 0 
175590: 9.60821 0.359802 0.283835 0.211645 0.107121 0.0375972 
251666: 0.125 1 0 0 0 0 
258650: 9.31944 0.160954 0.107303 0.339791 0.248137 0.143815 
67799: 2.22839 0.256404 0.287346 0.209335 0.143284 0.103631 
468224: 0.500001 0.333333 0.5 0.166667 0 0 
382776: 1 0.92702 0.0680555 0.00479798 0.000126263 0 
124976: 11.629 0.53716 0.307317 0.103171 0.0364181 0.0159332 
521864: 1.13914 0.697785 0.238546 0.054658 0.00815811 0.000853277 
313510: 2 0.75 0.25 0 0 0 
59696: 0.333333 1 0 0 0 0 
405141: 1.25 0.707619 0.246429 0.0422619 0.00357143 0.000119048 
404372: 0.2 1 0 0 0 0 
232168: 1 0.5 0.5 0 0 0 
100732: 0.806179 0.155052 0.581316 0.178875 0.0679278 0.0168293 
101328: 6.24236 0.569146 0.218331 0.0991545 0.062669 0.0506998 
440841: 0.25 1 0 0 0 0 
153029: 1.83333 1 0 0 0 0 
149236: 2.36391 0.466505 0.182137 0.13293 0.135549 0.0828795 
463169: 0.999999 0.833333 0.166667 0 0 0 
469518: 0.5 1 0 0 0 0 
30565: 1 1 0 0 0 0 
482192: 0.5 1 0 0 0 0 
142416: 0.833333 0.771429 0.228571 0 0 0 
57843: 23.5385 0.309201 0.277321 0.215154 0.126071 0.0722524 
88894: 2.47222 0.382023 0.61573 0.00224719 0 0 
123277: 1.27778 0.913044 0.0869564 0 0 0 
37347: 7.024 0.151069 0.227765 0.297422 0.205465 0.11828 
238640: 0.1 1 0 0 0 0 
245701: 0.303787 0.470254 0.349676 0.159507 0.0190126 0.00155029 
229211: 2.20254 0.443211 0.20668 0.152976 0.125886 0.0712474 
282153: 2 0.75 0.25 0 0 0 
9099: 92.0203 0.0165126 0.133708 0.248395 0.304798 0.296587 
58652: 38.658 0.389497 0.273747 0.173203 0.105335 0.0582181 
487205: 1 1 0 0 0 0 
615243: 0.333333 1 0 0 0 0 
213174: 2.02637 0.205622 0.414835 0.243945 0.0987133 0.0368847 
22198: 66.6769 0.0848029 0.14209 0.242309 0.279602 0.251196 
84329: 6.08582 0.115021 0.445845 0.300409 0.107919 0.0308059 
419167: 0.333333 1 0 0 0 0 
341752: 2.1065 0.356041 0.205712 0.223712 0.150715 0.0638194 
357167: 1.5 1 0 0 0 0 
596031: 0.5296 0.797248 0.172277 0.0256619 0.00425344 0.000559519 
415754: 0.666666 0.875 0.125 0 0 0 
640060: 0.5 1 0 0 0 0 
343734: 2.04941 0.699389 0.221304 0.0657457 0.0123359 0.00122495 
642239: 1 1 0 0 0 0 
293088: 2 0.75 0.25 0 0 0 
471273: 0.5 1 0 0 0 0 
76795: 1.01955 0.0754482 0.425743 0.263516 0.171738 0.0635543 
374881: 0.999999 0.833333 0.166667 0 0 0 
102403: 6.01906 0.308681 0.29749 0.203577 0.124489 0.065763 
292679: 2.11111 0.789474 0.210526 0 0 0 
516402: 0.142857 1 0 0 0 0 
476525: 0.166667 1 0 0 0 0 
372931: 1 1 0 0 0 0 
362762: 1 1 0 0 0 0 
44268: 0.333333 1 0 0 0 0 
228058: 3.83069 0.534954 0.287103 0.123069 0.0416437 0.0132304 
14197: 29.1081 0.0989329 0.285597 0.275117 0.210427 0.129926 
254649: 7.81256 0.649138 0.262268 0.0773546 0.0106923 0.000547343 
499172: 0.333333 1 0 0 0 0 
462590: 0.821428 0.884058 0.109731 0.00621117 0 0 
231737: 0.547619 0.826087 0.167702 0.00621118 0 0 
646032: 1.5 0.722222 0.25 0.0277778 0 0 
570955: 1 1 0 0 0 0 
142669: 12.8255 0.440243 0.350201 0.144434 0.0504072 0.0147149 
406443: 0.428571 0.916667 0.0833333 0 0 0 
191765: 6.26148 0.319413 0.189652 0.275494 0.157391 0.0580503 
503561: 1 1 0 0 0 0 
38105: 0.238095 0.6 0.35 0.05 0 0 
215523: 2.03543 0.488146 0.352351 0.123676 0.0302892 0.00553743 
345065: 0.38479 0.525014 0.230272 0.15108 0.0809239 0.0127109 
341760: 0.2 1 0 0 0 0 
431965: 0.666666 0.875 0.125 0 0 0 
204305: 17.7683 0.452052 0.328758 0.146763 0.0544085 0.0180187 
67825: 0.214286 0.777778 0.111111 0.111111 0 0 
210385: 1.41714 0.829973 0.165995 0.00403226 0 0 
486991: 5.5 0.424242 0.363636 0.181818 0.030303 0 
487957: 4.43673 0.794504 0.162783 0.0368695 0.00584348 0 
496662: 0.375566 0.87707 0.11515 0.00753172 0.000245426 3.18736e-06 
284080: 0.999999 0.833333 0.166667 0 0 0 
113950: 3.28403 0.236411 0.322744 0.25077 0.126408 0.0636674 
334938: 1.58542 0.367936 0.485574 0.119963 0.024815 0.00171173 
347261: 0.551568 0.71873 0.19883 0.0651661 0.015037 0.00223718 
599043: 0.519998 0.818519 0.160591 0.0192304 0.00156812 9.19523e-05 
566347: 1 1 0 0 0 0 
347706: 0.999999 0.833333 0.166667 0 0 0 
359744: 0.5 1 0 0 0 0 
498725: 0.25 0.918043 0.0789044 0.00300998 4.29997e-05 0 
271414: 0.5 1 0 0 0 0 
259830: 1.5 0.722222 0.25 0.0277778 0 0 
5852: 107.157 0.111983 0.299619 0.267875 0.188526 0.131997 
20370: 32.3277 0.128288 0.295291 0.275543 0.190659 0.110219 
134113: 0.945312 0.749311 0.231405 0.0192837 0 0 
132581: 10.4526 0.23837 0.381624 0.235505 0.105762 0.0387394 
349659: 0.206858 0.402854 0.513638 0.08141 0.0020982 0 
169326: 0.5 1 0 0 0 0 
532066: 0.2 1 0 0 0 0 
20741: 29.6368 0.157462 0.226537 0.255439 0.210722 0.149839 
508666: 0.5 1 0 0 0 0 
244030: 1 0.783333 0.2 0.0166667 0 0 
478553: 0.333333 1 0 0 0 0 
444882: 2.33333 1 0 0 0 0 
516880: 0.5 1 0 0 0 0 
365206: 2 0.75 0.25 0 0 0 
354604: 1 1 0 0 0 0 
93899: 1.28009 0.650998 0.173599 0.0994581 0.0583286 0.0176161 
499939: 1.5 0.722222 0.25 0.0277778 0 0 
375599: 1 1 0 0 0 0 
49134: 0.666666 0.875 0.125 0 0 0 
139105: 1.45833 1 0 0 0 0 
74236: 18.9734 0.192939 0.341008 0.220626 0.155292 0.0901354 
542760: 1 1 0 0 0 0 
559354: 1 1 0 0 0 0 
302675: 0.2 1 0 0 0 0 
400714: 0.666666 0.875 0.125 0 0 0 
56895: 9.74318 0.444755 0.248036 0.189394 0.0936388 0.0241754 
456280: 1 1 0 0 0 0 
314417: 1 1 0 0 0 0 
89985: 1 1 0 0 0 0 
100844: 0.833333 0.85 0.15 0 0 0 
191330: 2.58102 0.303498 0.329399 0.222763 0.105426 0.0389145 
518036: 1 1 0 0 0 0 
299329: 0.726191 0.770492 0.204918 0.0245901 0 0 
342654: 2 0.75 0.25 0 0 0 
120196: 2 0.5 0.5 0 0 0 
63528: 33.3638 0.235598 0.351758 0.230609 0.117404 0.0646317 
342661: 2 1 0 0 0 0 
400078: 2 0.75 0.25 0 0 0 
500202: 2.5 0.58 0.322222 0.0861111 0.0111111 0.000555556 
172627: 10.7268 0.337518 0.289513 0.211333 0.110773 0.0508624 
285069: 0.333333 1 0 0 0 0 
73381: 0.730815 0.114028 0.224621 0.377857 0.208129 0.0753656 
302709: 0.333333 1 0 0 0 0 
215209: 5.49318 0.434305 0.344341 0.158722 0.0517407 0.0108915 
79268: 1.5138 0.0660589 0.108796 0.345409 0.304305 0.17543 
130737: 22.7879 0.50308 0.296667 0.143504 0.0470401 0.0097093 
131584: 0.153846 0.5 0.479167 0.0208333 0 0 
66355: 19.021 0.0525735 0.224787 0.295243 0.27434 0.153057 
122568: 4.05191 0.954017 0.0446535 0.00126524 6.1312e-05 3.1202e-06 
575938: 4 0.708333 0.25 0.0416666 0 0 
110203: 0.859739 0.816438 0.0951312 0.0591439 0.0233695 0.00591765 
574584: 0.750001 0.822222 0.166667 0.0111111 0 0 
148452: 2.23627 0.370354 0.363605 0.1906 0.0584926 0.0169479 
165482: 6.46129 0.599526 0.322698 0.0635678 0.0115551 0.00265355 
480239: 0.25 0.92674 0.0714286 0.0018315 0 0 
138836: 0.25 1 0 0 0 0 
168843: 3.45833 0.506024 0.325301 0.144578 0.0240964 0 
204863: 2.55162 0.451627 0.363281 0.14235 0.0374384 0.00530292 
545809: 1.33333 0.875 0.125 0 0 0 
604591: 0.25 1 0 0 0 0 
91799: 3.69951 0.0450511 0.210989 0.302934 0.269095 0.17193 
204722: 0.333333 1 0 0 0 0 
38298: 11.6183 0.364268 0.24284 0.198037 0.125438 0.0694171 
344258: 0.333333 1 0 0 0 0 
105600: 8.94778 0.735129 0.187926 0.0614987 0.0135591 0.00188674 
635664: 1.5 0.722222 0.25 0.0277778 0 0 
180777: 1 1 0 0 0 0 
513186: 4.89994 0.636062 0.283167 0.0723284 0.00727353 0.00116923 
164215: 0.776701 0.214583 0.470891 0.240081 0.0635365 0.010908 
249871: 0.591836 0.482759 0.396552 0.12069 0 0 
309816: 0.361112 0.923077 0.0769232 0 0 0 
194199: 0.555555 0.6 0.35 0.05 0 0 
474375: 1.75 0.733333 0.219048 0.0428571 0.0047619 0 
4587: 70.496 0.116432 0.176279 0.225276 0.250429 0.231586 
79725: 12.2134 0.465678 0.27939 0.146782 0.0684378 0.0397121 
550159: 0.5 0.869048 0.125 0.00595238 0 0 
613838: 0.4 0.916667 0.0833334 0 0 0 
536466: 2 0.5 0.5 0 0 0 
91774: 2.61272 0.350848 0.451318 0.118703 0.0507952 0.028336 
511547: 0.333334 0.928571 0.0714286 0 0 0 
