n = 3072441
m = 117185083
begin to read Graph...
readGraph Over...
begin to init vec....
init vec Over...
totoal time: 16.53
219639: 81369.5 0.000317253 0.00350535 0.0230015 0.145675 0.827501 
353470: 63845.7 0.000297409 0.00904641 0.0684322 0.246937 0.675287 
54403: 1.46781e+06 2.46387e-05 0.000438215 0.00530471 0.0691573 0.925075 
87088: 1.68665e+06 5.46479e-06 0.000193028 0.0040854 0.0670383 0.928678 
281570: 4085.5 0.00445837 0.0438626 0.150528 0.245694 0.555458 
52038: 1.65232e+06 8.78739e-06 0.000204016 0.00416942 0.0675282 0.92809 
192232: 348742 0.000132227 0.00201582 0.0187453 0.137112 0.841994 
309572: 153849 0.000351368 0.00372612 0.0237985 0.152243 0.819881 
76518: 1.33077e+07 3.94229e-06 0.000177238 0.0042202 0.069572 0.926027 
15451: 8.01774e+06 8.73312e-06 0.000258652 0.00442451 0.066446 0.928862 
351045: 63383.9 0.000597094 0.0044186 0.0399761 0.220126 0.734882 
145993: 161017 0.000158041 0.00264024 0.0213314 0.140446 0.835424 
375122: 460.498 0.0606627 0.208848 0.265739 0.249981 0.214769 
173270: 23546 0.000675374 0.00421734 0.0224857 0.135125 0.837496 
183019: 1.17921e+07 1.6033e-05 0.000564171 0.00788722 0.0861724 0.90536 
290764: 527.84 0.00252517 0.0515154 0.198154 0.296304 0.451502 
125007: 1.22897e+06 6.7438e-05 0.000738614 0.00865253 0.0919046 0.898637 
312453: 5713.24 0.00310566 0.00750698 0.0341676 0.166479 0.788741 
58222: 1.6e+06 2.80905e-05 0.000453376 0.00650821 0.0799448 0.913066 
141496: 337169 7.95511e-05 0.00115747 0.0108818 0.105099 0.882783 
51827: 130338 0.000119204 0.00100797 0.00818205 0.0863453 0.904345 
365689: 5163.38 0.00663661 0.0384105 0.120592 0.267859 0.566502 
352381: 8472.09 0.00617304 0.00962641 0.0739799 0.260104 0.650117 
266142: 139276 0.000365934 0.0039669 0.0250402 0.148848 0.821779 
219558: 13869.1 0.00052196 0.00350464 0.0132266 0.126581 0.856166 
335701: 636.177 0.0281456 0.0469847 0.105587 0.25067 0.568612 
117043: 800991 3.95976e-05 0.000804457 0.0099766 0.100565 0.888614 
269289: 0.827196 1 0 0 0 0 
85090: 3597.91 0.000862838 0.0012885 0.00845842 0.103663 0.885728 
66967: 328.264 0.0712142 0.0801433 0.102119 0.177425 0.569098 
320528: 119288 9.81158e-05 0.000642734 0.00857185 0.0823362 0.908351 
324456: 12159.6 0.00476952 0.0239731 0.0838363 0.24266 0.644761 
287977: 9692.28 0.000884697 0.00547679 0.0369682 0.157213 0.799458 
340322: 110.661 0.0942506 0.170613 0.18282 0.174964 0.377353 
395819: 444.149 0.0108674 0.0853372 0.262376 0.293606 0.347814 
141238: 1.1946e+06 7.39344e-05 0.0013893 0.0150264 0.118578 0.864933 
143476: 48229.1 0.000240671 0.00153208 0.0151241 0.120841 0.862262 
192455: 35.5026 0.0243683 0.800141 0.157433 0.0180579 0 
139853: 821324 3.5876e-05 0.000746871 0.00830931 0.0899081 0.901 
254770: 4453.09 0.00163385 0.0117836 0.0542979 0.199927 0.732358 
49283: 4.22946e+06 6.78326e-06 0.000228408 0.00408667 0.063299 0.932379 
212789: 299964 0.000199644 0.00234223 0.0185212 0.122268 0.856668 
334671: 3441.1 0.00581665 0.010384 0.0597517 0.229883 0.694165 
32432: 1.04273e+07 6.94347e-06 0.000160218 0.00302196 0.0549237 0.941887 
172285: 2.90323e+06 3.31654e-05 0.000498794 0.00655719 0.081885 0.911026 
333550: 5537.67 0.0028107 0.00898629 0.0193309 0.11539 0.853483 
397328: 336.698 0.0681648 0.0669655 0.116293 0.238986 0.50959 
147653: 275377 6.65823e-05 0.0010982 0.0121158 0.104315 0.882405 
403471: 21.2205 0.219488 0.772702 0.00781011 0 0 
138007: 355621 0.000123948 0.00164071 0.0117208 0.0988151 0.887699 
183718: 29950.4 0.00032739 0.00270411 0.0215632 0.140924 0.834481 
306100: 9734.88 0.00431152 0.0231993 0.0851111 0.236918 0.650461 
196391: 20328.7 0.000116843 0.00150999 0.0167923 0.130281 0.8513 
369164: 535.418 0.0501575 0.0151711 0.100827 0.334566 0.499278 
395131: 19.7011 0.959239 0.040761 0 0 0 
167199: 94675.3 0.00023125 0.00175552 0.0125564 0.106844 0.878613 
204562: 32514.2 0.000597082 0.00764954 0.0498347 0.206924 0.734994 
299208: 28559.3 0.000465918 0.00388896 0.0357333 0.175084 0.784828 
10059: 1.30076e+07 3.33642e-06 8.68631e-05 0.0019919 0.0443423 0.953576 
313622: 25508.7 0.000646814 0.00426863 0.0303373 0.167903 0.796844 
80091: 618648 0.000100284 0.000791228 0.00924546 0.0886904 0.901173 
45405: 5.88631e+06 5.73014e-06 0.00021713 0.00469346 0.069275 0.925809 
165711: 2.63247e+06 3.00085e-05 0.000666926 0.00899397 0.0959799 0.894329 
207191: 134033 0.000379942 0.00241175 0.0135775 0.10231 0.881321 
40856: 3467.18 0.00572407 0.0222073 0.0442976 0.17085 0.756921 
19374: 3.59001e+07 1.87564e-06 8.24686e-05 0.00228199 0.0501716 0.947462 
173063: 33777.3 0.000977154 0.00623878 0.0244762 0.164836 0.803472 
52893: 8.61962e+06 3.59268e-06 0.000104547 0.00248109 0.0517463 0.945664 
364157: 13688.9 0.00125712 0.0135031 0.0923578 0.264454 0.628428 
235813: 54228.8 0.000900258 0.00492414 0.0355644 0.169461 0.78915 
164549: 446548 9.84013e-05 0.00119273 0.013299 0.102792 0.882618 
281246: 9722.68 0.00125153 0.012379 0.063827 0.227907 0.694635 
350631: 804.78 0.0266674 0.0609542 0.185683 0.379894 0.346801 
27774: 1.78061e+07 5.16271e-06 0.000119955 0.00285363 0.0543823 0.942639 
181595: 683654 9.15016e-05 0.0013915 0.0155985 0.122546 0.860373 
372983: 17.033 0.899954 0.100046 0 0 0 
234677: 95806.7 0.000167575 0.00139361 0.0141111 0.123548 0.86078 
67333: 162081 0.000176061 0.00156042 0.00964485 0.0825948 0.906024 
147250: 335602 3.66705e-05 0.000620558 0.00845625 0.0950236 0.895863 
175024: 151181 5.8745e-05 0.00119813 0.0149322 0.129705 0.854106 
223869: 238.886 0.00954051 0.0743463 0.17435 0.310767 0.430996 
193717: 36605 0.000307488 0.00624406 0.0437607 0.148204 0.801484 
98455: 594345 1.07936e-05 0.000162804 0.0044851 0.0746277 0.920714 
194116: 12484.2 0.00104133 0.00361383 0.00717916 0.0934672 0.894699 
402610: 6.88611 0.550857 0.416977 0.0321658 0 0 
321608: 2989.13 0.0134513 0.0747302 0.179811 0.280161 0.451847 
357038: 562643 0.000357899 0.000973716 0.018918 0.123768 0.855983 
175171: 11044.1 0.0015198 0.0099494 0.0363469 0.169312 0.782872 
349303: 116213 0.000203634 0.00381194 0.0403736 0.221103 0.734508 
128186: 1.76561e+06 2.45857e-05 0.000688777 0.00938941 0.0962363 0.893661 
288398: 62096.6 0.000382986 0.00505205 0.0296169 0.163171 0.801778 
129580: 3.43327e+06 2.66349e-05 0.000725706 0.00916053 0.0963202 0.893767 
175603: 3.32752e+06 4.09116e-05 0.000891281 0.0109667 0.103572 0.884529 
372001: 125.886 0.403123 0.563221 0.0336552 0 0 
107890: 178192 0.000121846 0.000931254 0.00988932 0.103161 0.885897 
227587: 737.242 0.0433727 0.0547756 0.0646737 0.18892 0.648258 
66487: 1.24864e+07 5.4623e-06 0.000294224 0.00562179 0.0793341 0.914744 
153446: 468243 9.58584e-05 0.00124442 0.00860645 0.0831673 0.906886 
406956: 41.2864 0.936986 0.0630136 0 0 0 
282145: 2087.8 0.00642997 0.0237358 0.0865313 0.242454 0.640848 
336388: 765.811 0.0217292 0.0386779 0.119952 0.249535 0.570105 
332060: 375.997 0.115787 0.229938 0.0941089 0.241048 0.319119 
158772: 2.74227e+06 1.32247e-05 0.000301818 0.00605098 0.082926 0.910708 
66834: 3.78593e+07 7.60162e-07 3.44187e-05 0.00129563 0.0389099 0.959759 
374413: 41.6213 0.19669 0.125408 0.467002 0.125835 0.0850652 
274989: 1501.1 0.0106625 0.0307649 0.0617945 0.236154 0.660624 
111605: 219512 0.000134276 0.00187396 0.0133768 0.0995316 0.885083 
217898: 193048 0.000142299 0.00206807 0.0183168 0.126173 0.8533 
351414: 20132.9 0.00139928 0.0183013 0.0882843 0.246745 0.64527 
255610: 5811.95 0.000890581 0.00327364 0.0248964 0.160501 0.810438 
65674: 7.15295e+06 5.93481e-06 0.000163308 0.0036398 0.0639383 0.932253 
381148: 17.6762 1 0 0 0 0 
245046: 58210.4 0.000419271 0.00454946 0.0242054 0.13961 0.831215 
50946: 290230 2.98121e-05 0.000310251 0.00408409 0.0643655 0.93121 
285679: 685.855 0.0350147 0.0199111 0.0545584 0.15389 0.736626 
110030: 555215 3.36304e-05 0.000537886 0.0070352 0.0815615 0.910832 
256076: 18991.1 0.00100332 0.00885233 0.0372339 0.167492 0.785419 
67768: 616545 7.51343e-06 0.00012808 0.00206112 0.0427386 0.955065 
312675: 0.980337 1 0 0 0 0 
210785: 37691.4 0.00191023 0.00726637 0.0380034 0.162621 0.790199 
217281: 1.47267 1 0 0 0 0 
297358: 20856.4 0.00242113 0.0103648 0.0461655 0.191906 0.749143 
291331: 103.186 0.225079 0.472975 0.301946 0 0 
177219: 66555.7 0.000118102 0.00195557 0.0146194 0.121555 0.861752 
248773: 4202.34 0.00557839 0.0124341 0.00976741 0.60825 0.36397 
227522: 99488.9 0.000329672 0.000892392 0.00755349 0.0807248 0.9105 
159077: 33769.4 0.000398308 0.00128305 0.0114159 0.0932127 0.89369 
263157: 13979.7 0.00069799 0.00688771 0.0399627 0.180946 0.771506 
376135: 14.3427 1 0 0 0 0 
221089: 211.817 0.000840998 0.00409416 0.0284706 0.180331 0.786263 
143181: 4.36829e+06 1.58068e-05 0.00040316 0.00639377 0.082646 0.910541 
274871: 120604 0.000269308 0.00271205 0.0243933 0.154261 0.818364 
371007: 4.94926 1 0 0 0 0 
289750: 2680.16 0.0140191 0.0741659 0.164397 0.237784 0.509634 
367980: 56.6899 0.276819 0.369003 0.350844 0.00333332 0 
316665: 34997.8 0.00195359 0.0114101 0.039868 0.172904 0.773864 
225910: 217674 8.56028e-05 0.00161511 0.0125229 0.110162 0.875614 
223871: 96940.2 0.000657966 0.00773809 0.0473585 0.195514 0.748731 
253123: 1291.86 0.016736 0.0616825 0.11568 0.219351 0.58655 
222981: 145843 0.000438063 0.00434451 0.0282813 0.150082 0.816854 
29855: 229576 2.1299e-05 0.000244603 0.00225708 0.046021 0.951456 
137793: 543077 0.000119767 0.00162229 0.0147144 0.11024 0.873304 
360775: 2.40525e+06 0.000241426 0.0026515 0.0231769 0.144901 0.829029 
344441: 263.782 0.00462847 0.0419643 0.201312 0.407495 0.344601 
66422: 8.64411e+07 7.61452e-07 3.41039e-05 0.00122544 0.0372817 0.961458 
145279: 1.99709e+06 2.04054e-05 0.00038429 0.00616856 0.0792672 0.91416 
357370: 466365 0.000147153 0.0161185 0.0170457 0.142648 0.824041 
278369: 1739.24 0.0279735 0.0497009 0.109852 0.263164 0.54931 
274105: 29975.8 0.000579423 0.00462145 0.0267248 0.153918 0.814156 
214687: 13692.2 0.00458747 0.0274391 0.0674172 0.190202 0.710355 
213860: 193.15 0.0202677 0.0196355 0.128437 0.275193 0.556467 
290750: 23.3694 0.912957 0.0870428 0 0 0 
180650: 4508.64 0.00103606 0.00597357 0.0275459 0.158048 0.807396 
230122: 157343 9.19924e-05 0.000137136 0.00181168 0.0529883 0.944971 
160343: 107320 0.000279084 0.00311186 0.0212469 0.132521 0.842841 
201842: 15699.7 0.00114872 0.00411657 0.0241574 0.110772 0.859805 
261652: 44869.6 0.000393957 0.00144011 0.0155275 0.129864 0.852774 
22360: 2.97803e+06 1.21361e-05 0.000214111 0.003849 0.0627464 0.933178 
245865: 75779.6 0.000118428 0.00102664 0.0120407 0.117685 0.869129 
249196: 2.82712e+07 1.07596e-05 0.000555414 0.005368 0.0959708 0.898095 
159382: 540618 5.57506e-05 0.000890743 0.0106762 0.0978542 0.890523 
390814: 585.898 0.131534 0.188557 0.147507 0.153211 0.379191 
358251: 2.90961e+06 3.4051e-05 0.00174777 0.00765873 0.0901489 0.900411 
155431: 72989.5 0.000272844 0.00190455 0.0144759 0.114522 0.868825 
263637: 158.021 0.0324328 0.00967082 0.0352938 0.18865 0.733952 
211786: 207241 0.000239055 0.00234123 0.0155991 0.117047 0.864773 
258215: 66.1369 0.466765 0.484239 0.043279 0.00571713 0 
252987: 102376 0.000184542 0.00174665 0.0127161 0.109796 0.875556 
48669: 3.25071e+06 1.62995e-05 0.000267032 0.00444921 0.068262 0.927005 
137819: 658992 5.29467e-05 0.000253713 0.00345705 0.0579803 0.938256 
313960: 18745.8 0.00174843 0.0099057 0.05429 0.21108 0.722975 
38175: 1.54962e+07 2.47023e-06 0.000122053 0.00320444 0.0566112 0.94006 
51626: 2.16593 0.708893 0.290897 0.000210747 0 0 
342056: 273.779 0.0587949 0.117419 0.323664 0.223813 0.276309 
24492: 7.07436e+06 5.03472e-06 0.000117251 0.00228863 0.0460518 0.951537 
90498: 1.66254e+06 2.53471e-05 0.000258591 0.00453835 0.0709624 0.924215 
309400: 893247 7.53177e-05 0.00153343 0.0177576 0.140297 0.840337 
149688: 7.2177e+06 1.25349e-05 0.000249146 0.0036018 0.059266 0.936871 
366533: 17790.3 0.00132856 0.00296321 0.0424531 0.248098 0.705158 
290469: 0.953746 1 0 0 0 0 
273337: 5.00113 1 0 0 0 0 
135831: 1.94128e+06 3.15876e-06 0.000239129 0.00460741 0.0703629 0.924787 
210433: 30324.7 0.000359667 0.00610182 0.0229181 0.125303 0.845318 
170333: 398677 2.98086e-05 0.00064067 0.00703879 0.0844705 0.90782 
125665: 8.63355e+06 7.93392e-06 0.000232114 0.00430892 0.0660787 0.929372 
399684: 5.69317 0.414238 0.585762 0 0 0 
183558: 2.53015e+06 4.29303e-05 0.000960593 0.0119012 0.110565 0.87653 
398235: 74.4682 0.185037 0.467818 0.182462 0.130417 0.0342661 
215864: 339.338 0.0346347 0.091414 0.22587 0.200985 0.447097 
76402: 1.65906e+07 5.37203e-06 0.000212081 0.0046247 0.0733679 0.92179 
185181: 6.59632e+06 5.99023e-06 0.000181016 0.00424182 0.077372 0.918199 
18280: 3.55089e+07 1.74432e-06 6.99536e-05 0.0019716 0.0449067 0.95305 
207017: 33385.5 0.000552159 0.00429627 0.022708 0.119542 0.852901 
371572: 13.3997 1 0 0 0 0 
118408: 3.06788e+07 2.99952e-06 0.000114609 0.00300624 0.0585028 0.938373 
362250: 169207 0.000166007 0.00444149 0.0739482 0.233508 0.687937 
396025: 21.6982 0.446128 0.0796849 0.186045 0.100278 0.187865 
272387: 7687.61 0.00630254 0.0278618 0.0901992 0.235682 0.639955 
390796: 528.023 0.0202584 0.0721726 0.154797 0.286554 0.466218 
281036: 64207.5 0.000322232 0.00378107 0.0302249 0.171023 0.794649 
163233: 748255 7.15603e-05 0.00115656 0.0120813 0.106608 0.880083 
388056: 2.15292 0.755918 0.244082 0 0 0 
317513: 8269.92 0.00326133 0.00664312 0.0400219 0.198646 0.751428 
205229: 536003 3.13671e-05 0.000487263 0.00754945 0.0891078 0.902824 
384252: 53.3913 0.411583 0.172238 0.361612 0.054567 0 
269726: 2822.55 0.0237651 0.0340158 0.0869802 0.21361 0.641629 
299871: 222.808 0.0529156 0.155258 0.173796 0.238115 0.379916 
117413: 627861 3.9558e-05 0.000916325 0.0112675 0.104904 0.882872 
395946: 11.0504 1 0 0 0 0 
183301: 17000.2 0.00203598 0.0103238 0.0568245 0.20199 0.728826 
120114: 1.12806e+06 3.05389e-05 0.000558691 0.00831492 0.0930091 0.898087 
261757: 25790 0.000734059 0.00796356 0.0338408 0.156428 0.801034 
171198: 210247 0.00013403 0.00213467 0.0186778 0.132088 0.846966 
9691: 1.16279e+07 6.40501e-06 0.000153408 0.00322777 0.0580038 0.938609 
194321: 11.2753 1 0 0 0 0 
16133: 2.0589e+07 4.3608e-06 0.000147621 0.00320386 0.0576104 0.939034 
210066: 4364.51 0.00683581 0.0174008 0.0773184 0.217821 0.680624 
49215: 3.24473e+07 1.94859e-06 7.81337e-05 0.00226139 0.0512484 0.94641 
358149: 2.76875e+06 9.68326e-06 0.000612801 0.00844604 0.109501 0.881431 
282565: 4708.89 0.00401279 0.019557 0.0782884 0.242823 0.655318 
254594: 5802.88 0.00238576 0.0142183 0.0577185 0.204012 0.721665 
166831: 722986 3.5456e-05 0.000447055 0.00768032 0.0912419 0.900595 
330878: 1096.7 0.00230428 0.00928435 0.0278041 0.0995296 0.861078 
193252: 1234.08 0.0171191 0.0854969 0.152828 0.279372 0.465185 
324845: 9965.45 0.00453695 0.0186092 0.0505281 0.186217 0.740108 
215411: 1825.64 0.01216 0.043251 0.0963703 0.215159 0.633059 
329694: 15730.6 0.00146327 0.0111276 0.0613655 0.231625 0.694419 
215690: 77998.6 0.000192006 0.002141 0.0171562 0.132382 0.848129 
64375: 6.70267e+06 7.17463e-06 0.000236954 0.00462173 0.0702282 0.924906 
97947: 351802 0.000210331 0.00188138 0.0145224 0.115596 0.867789 
137048: 3.2339e+06 8.43332e-06 0.000354158 0.00665829 0.0850044 0.907975 
266723: 43446.4 0.000574036 0.00430029 0.0313814 0.154417 0.809327 
212669: 0.318693 1 0 0 0 0 
285261: 272580 7.92348e-05 0.00163948 0.0190066 0.142461 0.836814 
277044: 5.14055 1 0 0 0 0 
198681: 137249 0.00025894 0.00217529 0.0181363 0.12989 0.849539 
208140: 306821 0.000310917 0.00201543 0.0158986 0.118501 0.863274 
362110: 270781 0.000224143 0.00573792 0.0421174 0.241279 0.710642 
196134: 62485.7 0.00051026 0.00290872 0.0265123 0.154577 0.815492 
316912: 98.1552 0.22326 0.144826 0.204199 0.221127 0.206587 
338042: 3.5819 0.684201 0.315799 0 0 0 
267458: 94726 0.000556055 0.00654932 0.0396621 0.187028 0.766205 
97919: 257.78 0.00371221 0.0734508 0.125008 0.246052 0.551777 
14343: 7.35544e+06 3.20876e-06 6.93e-05 0.00182984 0.0444479 0.95365 
104640: 3.81136e+06 9.7513e-06 0.000280166 0.00550123 0.0778317 0.916377 
358248: 6.13505e+06 3.75785e-05 0.000998694 0.0144341 0.118654 0.865875 
237567: 4645.04 0.00492662 0.024612 0.0720402 0.209128 0.689294 
342862: 46.6537 1 0 0 0 0 
328375: 1713.1 0.00424301 0.023715 0.116957 0.316076 0.53901 
399304: 18.6432 0.775595 0.224405 0 0 0 
273175: 6460.22 0.00454957 0.0203847 0.06426 0.22398 0.686826 
318556: 1819.05 0.0134618 0.0355289 0.113758 0.292357 0.544895 
266054: 5715.72 0.00426161 0.0162964 0.0651191 0.21237 0.701953 
308381: 15980 0.00123598 0.00387767 0.0324264 0.180058 0.782402 
294772: 12934.2 0.00385475 0.0113071 0.0567505 0.214134 0.713954 
403282: 69.6724 0.682159 0.299347 0.0184946 0 0 
92774: 36079.4 0.000273605 0.00100756 0.00931254 0.0948745 0.894532 
106860: 366622 9.05399e-05 0.00135509 0.0125817 0.102527 0.883445 
377801: 2.09534 1 0 0 0 0 
38298: 1.5826e+06 2.69371e-05 0.000565984 0.00633496 0.080874 0.912198 
70470: 921142 5.92928e-05 0.00102573 0.0113256 0.0962297 0.89136 
333806: 10.5568 1 0 0 0 0 
54889: 1.70696e+06 3.47104e-05 0.000563622 0.00727638 0.0777323 0.914393 
132197: 2073.42 0.00114509 0.00623061 0.0369564 0.198261 0.757407 
21297: 1.24916e+07 5.46537e-06 0.000190824 0.00384243 0.064525 0.931436 
52574: 1.0664e+07 8.26819e-06 0.000210452 0.00423302 0.0603975 0.935151 
329853: 666.353 0.0180479 0.0117879 0.0577543 0.244959 0.667451 
366650: 4179.7 0.00562264 0.0395624 0.151413 0.342232 0.46117 
293972: 75358.3 0.000652673 0.00453255 0.0211117 0.136709 0.836994 
160631: 392895 0.000107983 0.000971019 0.00994083 0.0972783 0.891702 
303003: 868.219 0.00669958 0.0136001 0.0548802 0.246887 0.677933 
198666: 239683 0.000316575 0.00247731 0.018547 0.126657 0.852003 
44814: 999007 1.32823e-05 0.000138252 0.0025951 0.053534 0.943719 
155435: 296483 7.18383e-05 0.00113966 0.0107849 0.102887 0.885116 
285143: 11.1045 0.443532 0.432026 0.054967 0.0105533 0.0589218 
101646: 502243 3.4834e-05 0.000481179 0.00632918 0.0764912 0.916664 
381698: 14.0144 1 0 0 0 0 
143841: 2.98844e+06 1.64311e-05 0.000465011 0.00722971 0.0890369 0.903252 
242685: 43.1534 0.0701014 0.0535668 0.408209 0.383329 0.0847944 
200421: 6955.87 0.00223442 0.00522025 0.0235261 0.142288 0.826731 
61286: 1.7873e+06 9.00363e-06 0.000177768 0.00321145 0.0561754 0.940426 
269957: 31639.5 0.000947349 0.0089176 0.0450463 0.193362 0.751727 
37862: 4.21706e+07 1.26256e-06 5.60185e-05 0.0018457 0.0459098 0.952187 
254347: 82438.3 0.000821952 0.00712531 0.0372987 0.168836 0.785918 
187040: 801.692 0.00535044 0.010399 0.057141 0.196988 0.730122 
256074: 19179.2 0.00115749 0.00505088 0.0315234 0.168303 0.793965 
362757: 73290.7 0.000366325 0.0102726 0.0477835 0.250962 0.690616 
394761: 20.6481 0.424262 0.575738 0 0 0 
226199: 1.72206e+06 1.39935e-05 0.000428471 0.0073712 0.0921134 0.900073 
62762: 521774 4.01245e-05 0.00070998 0.00783015 0.0806719 0.910748 
364144: 5.10428 1 0 0 0 0 
401257: 6.06692 1 0 0 0 0 
114227: 1.21508e+06 2.15806e-05 0.000401931 0.00525299 0.0695192 0.924804 
141210: 26019.7 0.000377775 0.00248584 0.0266971 0.164481 0.805959 
146246: 200330 4.64022e-05 0.000476818 0.00733364 0.0907061 0.901437 
21881: 9.94502e+06 6.40483e-06 0.000125076 0.00243326 0.049552 0.947883 
115984: 1.58554e+06 1.00469e-05 0.000191742 0.00306388 0.0578464 0.938888 
21614: 1.61885e+08 1.26735e-06 5.59389e-05 0.00170532 0.0429828 0.955255 
164073: 765372 5.24579e-05 0.00084391 0.00927735 0.095253 0.894573 
99102: 1.79512e+07 6.58794e-06 0.000215996 0.00476865 0.0745524 0.920456 
256399: 131083 0.000262416 0.00362655 0.0204942 0.134951 0.840666 
321616: 411 0.03671 0.120224 0.127623 0.24387 0.471573 
76478: 466389 8.24712e-05 0.000941928 0.00793784 0.0822377 0.9088 
110192: 8.07865e+06 6.92071e-06 0.000212324 0.00454431 0.0706867 0.92455 
74601: 2.23031e+06 1.488e-05 0.000247942 0.0039979 0.0618711 0.933868 
259240: 431.632 0.00327419 0.0114393 0.041318 0.182413 0.761555 
315211: 121103 0.000472767 0.00426458 0.0293656 0.16472 0.801177 
252819: 9.2533e+06 8.51364e-06 0.000284389 0.00574622 0.0830481 0.910913 
59046: 2.31287e+06 1.06945e-05 0.000334241 0.00535308 0.0740612 0.920241 
316552: 2324.08 0.00458582 0.0270437 0.0825287 0.240751 0.645091 
391154: 62.504 0.0980696 0.265285 0.2382 0.199437 0.199009 
46017: 2.97592e+06 1.31458e-05 0.000342966 0.00528258 0.0729638 0.921398 
307817: 6044.66 0.00356763 0.0200367 0.0798255 0.248522 0.648048 
198391: 73597.9 0.000516942 0.00223613 0.0162444 0.115559 0.865444 
152553: 208455 0.000115662 0.00136299 0.0119926 0.103467 0.883062 
365131: 44.6046 0.749523 0.250477 0 0 0 
12367: 4.78307e+06 1.96582e-06 0.000110017 0.00351431 0.0645351 0.931839 
345344: 2003.63 0.0102306 0.0676423 0.196348 0.340971 0.384808 
345821: 14.9796 0.369196 0.630804 0 0 0 
76532: 1.77161e+06 1.42657e-05 0.000354803 0.00570361 0.0781377 0.91579 
402380: 209.606 0.054874 0.399128 0.34578 0.195847 0.00437076 
231618: 230.814 0.0286738 0.0735557 0.0945385 0.265033 0.538199 
212167: 103052 0.000676583 0.0065319 0.0390921 0.188392 0.765308 
79187: 3.67949e+06 6.61612e-06 0.000128454 0.00329597 0.0589304 0.937639 
391219: 39.5016 1 0 0 0 0 
202567: 104233 0.000166808 0.00124149 0.0164162 0.140359 0.841816 
399602: 22.5652 1 0 0 0 0 
70951: 1.18698e+07 3.33488e-06 0.00010009 0.00277802 0.0564377 0.940681 
81703: 1.87e+08 1.02313e-06 6.09699e-05 0.00198585 0.0479706 0.949982 
2083: 3.00829e+08 3.22855e-07 2.65526e-05 0.0010204 0.0328932 0.966059 
299014: 12164.6 0.000187106 0.00518427 0.0358727 0.15881 0.799946 
367934: 35.8463 1 0 0 0 0 
95206: 2.05596e+06 4.17774e-05 0.00069692 0.0046997 0.0754742 0.919087 
299398: 3188.03 0.0130048 0.0625817 0.201611 0.321399 0.401403 
15888: 2.81955e+07 5.06352e-06 0.000125964 0.00267582 0.0521847 0.945009 
210745: 124597 0.000525185 0.00599754 0.0278879 0.144787 0.820802 
171364: 31303.1 0.000233457 0.0033186 0.0200582 0.130069 0.846321 
25113: 4.96763e+06 5.00813e-06 0.000118402 0.00269988 0.0531278 0.944049 
166389: 74206.8 0.000431868 0.00455311 0.0319575 0.173871 0.789187 
363286: 16922 0.0192792 0.0349392 0.216179 0.238758 0.490844 
1245: 1.51241e+07 2.07815e-06 9.48846e-05 0.00259621 0.0534488 0.943858 
395180: 3.0026 1 0 0 0 0 
259668: 41568.6 0.00117285 0.00648421 0.0273408 0.142278 0.822724 
400981: 11.0313 0.549284 0.450716 0 0 0 
20873: 506407 4.92356e-05 0.000325243 0.00618931 0.0733627 0.920074 
239141: 3.44858 1 0 0 0 0 
123136: 371113 0.000198215 0.00182939 0.0144695 0.113704 0.869799 
236926: 158729 0.000187891 0.00290682 0.0229158 0.150228 0.823761 
211983: 217574 0.000323817 0.00279278 0.0214783 0.141036 0.834369 
335119: 186.601 0.0269043 0.0656784 0.055532 0.303258 0.548627 
386914: 1862.53 0.0152934 0.0716422 0.129661 0.271366 0.512037 
20678: 1.36925e+07 3.96639e-06 0.000116243 0.00243249 0.0488214 0.948626 
309919: 127608 0.000709854 0.00511894 0.030833 0.174656 0.788682 
39140: 6.75888e+06 3.18265e-06 7.48038e-05 0.0019334 0.0460236 0.951965 
392669: 8.74766 1 0 0 0 0 
170931: 868137 3.76283e-05 0.00049318 0.00698621 0.0754812 0.917002 
233876: 302753 0.000205333 0.00254353 0.0165422 0.114869 0.86584 
273017: 15837.9 0.00225592 0.0240657 0.089559 0.233136 0.650983 
33604: 220502 5.66002e-05 0.000756639 0.00491528 0.0642908 0.929981 
39869: 3.96079e+06 2.48731e-06 6.72111e-05 0.00196087 0.0472931 0.950676 
63694: 416397 1.64623e-05 0.000257731 0.00386313 0.0624894 0.933373 
343929: 2.16093 1 0 0 0 0 
237115: 559846 7.52921e-05 0.00112713 0.00948836 0.0905273 0.898782 
294033: 197443 0.000222645 0.0040732 0.0295123 0.169082 0.79711 
35742: 1.80943e+07 3.89051e-06 0.0001106 0.00248531 0.0524687 0.944931 
234186: 33083.4 0.000634105 0.0041096 0.0284119 0.16736 0.799484 
360690: 1.57753e+06 0.000315816 0.00641006 0.0282575 0.168683 0.796334 
262626: 11294.3 0.000978252 0.00627638 0.0356327 0.174124 0.782988 
125705: 210291 0.00016102 0.00117916 0.00988272 0.0897983 0.898979 
309251: 18547.1 0.000518872 0.00600963 0.042861 0.197856 0.752755 
109802: 1.19e+06 3.70775e-05 0.000517384 0.00653892 0.079072 0.913835 
270804: 16344.8 0.00146017 0.00994125 0.0341126 0.175828 0.778658 
11436: 5.57333e+06 8.96267e-06 0.000139027 0.00213352 0.0418058 0.955913 
4917: 1.38962e+07 1.88842e-06 6.84615e-05 0.00153231 0.0387673 0.95963 
314169: 0.00901448 1 0 0 0 0 
58328: 2032.92 0.00183366 0.00103386 0.0217965 0.184672 0.790664 
339283: 9.44165 1 0 0 0 0 
69010: 682623 4.68403e-05 0.000535922 0.00609151 0.0763688 0.916957 
68613: 176662 4.96012e-05 0.000629176 0.0072468 0.0809488 0.911126 
249861: 7.3208 1 0 0 0 0 
73531: 1.01141e+06 1.7213e-05 0.00034648 0.00471179 0.0676535 0.927271 
263381: 218576 0.000782856 0.00497432 0.0230504 0.13324 0.837952 
42421: 3.23477e+10 6.59864e-08 6.71293e-06 0.000559963 0.0256796 0.973754 
324002: 821.077 0.00652312 0.0750747 0.205669 0.310579 0.402154 
61587: 479039 2.5343e-05 0.000367 0.00367453 0.0552959 0.940637 
283208: 4.09311 1 0 0 0 0 
522739: 48.2987 0.516135 0.236402 0.199008 0.0484558 0 
128094: 1.12991e+07 6.36533e-06 0.000230113 0.0045541 0.0711682 0.924041 
28856: 4.68418e+06 1.79336e-05 0.000372813 0.0056676 0.0728674 0.921074 
298988: 68368.9 0.00163461 0.00358406 0.0193165 0.143585 0.831879 
103313: 32543.6 0.000565254 0.00240646 0.0142639 0.104795 0.87797 
11941: 3.04696e+07 1.46193e-06 4.91899e-05 0.00154634 0.0403569 0.958046 
114024: 1.84968e+06 7.61372e-06 0.000368726 0.00690707 0.086442 0.906275 
372301: 744.818 0.0436097 0.19709 0.308386 0.205796 0.245118 
379449: 11.4599 1 0 0 0 0 
44371: 1.53945e+06 2.34627e-05 0.000475308 0.00674202 0.0785466 0.914213 
354837: 1.05559e+07 3.72098e-05 0.000495901 0.00777393 0.0926032 0.89909 
116313: 2.69761e+06 1.28142e-05 0.000228507 0.00346317 0.0624016 0.933894 
256710: 20387.2 0.000455109 0.0040929 0.0260053 0.149198 0.820249 
70507: 1.54126e+06 3.02097e-05 0.000505469 0.00662422 0.0784974 0.914343 
100754: 4.32124e+06 7.44882e-06 0.000169572 0.00360858 0.0631792 0.933035 
272500: 8544.26 0.00156301 0.00745311 0.0290426 0.148398 0.813544 
178611: 2.86367e+06 3.20616e-05 0.000531291 0.00705019 0.0806184 0.911768 
144265: 75390.8 0.00035669 0.00332899 0.0260953 0.144294 0.825925 
208432: 121275 0.000500137 0.00315671 0.0177946 0.127961 0.850587 
2764: 3.59751e+07 1.11263e-06 4.10514e-05 0.00137474 0.0388057 0.959777 
305802: 213.28 0.0640701 0.300852 0.222167 0.14072 0.272191 
357755: 6.91673e+06 1.39077e-05 0.00105041 0.00790688 0.101153 0.889876 
249328: 2.66502e+07 7.37176e-06 0.00070208 0.00714611 0.117078 0.875066 
241687: 198268 9.47483e-05 0.00146764 0.0141756 0.108061 0.876201 
307654: 2.05655e+07 1.06355e-05 0.000358986 0.00584367 0.0900758 0.903711 
393116: 2145.4 0.0076266 0.0462584 0.159094 0.257276 0.529744 
59075: 7.28181e+06 7.11281e-06 0.00020251 0.00406573 0.0648101 0.930915 
111095: 174066 0.00014988 0.00133052 0.0102724 0.103774 0.884473 
149742: 842877 4.40931e-05 0.000449835 0.00419784 0.0601166 0.935192 
300626: 385.19 0.0230037 0.103849 0.240086 0.266266 0.366795 
208970: 873354 5.19464e-05 0.000896342 0.0108881 0.103644 0.88452 
93598: 431939 2.84651e-05 0.000151838 0.00363505 0.0680677 0.928117 
138646: 524930 9.47239e-05 0.0010151 0.0117316 0.105254 0.881905 
403498: 4.0628 1 0 0 0 0 
296972: 18.5728 1 0 0 0 0 
73343: 1.42973e+07 9.30153e-06 0.000278834 0.00490558 0.0693252 0.925481 
226097: 30985.2 0.000487505 0.00172741 0.0158059 0.111724 0.870255 
163125: 185357 0.000147433 0.0013223 0.0139609 0.116815 0.867755 
33630: 61558.1 9.91495e-05 0.00027236 0.0030906 0.0585633 0.937975 
27952: 2.39839e+06 7.87644e-06 0.000114253 0.00225138 0.0478421 0.949784 
339127: 4802.64 0.00786467 0.0302274 0.110687 0.264718 0.586502 
317145: 4791.29 0.00473563 0.0358361 0.120673 0.28686 0.551895 
153853: 117535 7.15168e-05 0.00242777 0.0222848 0.142309 0.832907 
361991: 249038 9.64803e-05 0.00338046 0.032389 0.187739 0.776395 
304466: 2915.8 0.000793573 0.00709278 0.0780494 0.248256 0.665808 
57299: 1.30819e+07 1.30555e-05 0.000360052 0.00670131 0.0895849 0.903341 
48028: 1.18245e+08 1.16796e-06 5.75925e-05 0.00189035 0.0470577 0.950993 
354492: 6.58957e+07 4.22193e-06 0.000314686 0.00642416 0.086628 0.906629 
73330: 1.66484e+07 4.44507e-06 0.000187456 0.0041675 0.0688472 0.926793 
388617: 203.702 0.218775 0.246679 0.159329 0.205368 0.169849 
281693: 54161.4 0.00163687 0.00535132 0.0198222 0.132105 0.841084 
114306: 4.1802e+06 1.61973e-05 0.000378378 0.00618284 0.0802154 0.913207 
324117: 199.83 0.0745049 0.0652102 0.121559 0.26531 0.473417 
397447: 13.7339 0.786468 0.213532 0 0 0 
22109: 9.49048e+06 3.8685e-06 0.00014157 0.00314149 0.0604934 0.93622 
146124: 3.04226e+06 4.87981e-05 0.000486387 0.0065178 0.0832492 0.909698 
2551: 3.87369e+07 2.06589e-06 0.000102923 0.0027127 0.0541675 0.943015 
166367: 38549.3 0.000599861 0.0068972 0.0390971 0.162974 0.790431 
78919: 1.3627e+07 6.73553e-06 0.000198277 0.00417288 0.0669337 0.928688 
208278: 923123 7.90904e-05 0.00130494 0.012271 0.10187 0.884475 
323494: 18446.2 0.000424192 0.00460013 0.034236 0.188861 0.771879 
103415: 16292.8 0.000330589 0.00830004 0.0189534 0.10544 0.866976 
155806: 399153 0.00010145 0.0013344 0.0140209 0.11439 0.870153 
98152: 246851 0.000154817 0.0012923 0.00992656 0.0942743 0.894352 
147074: 2.13123e+06 2.74404e-05 0.000722903 0.0100665 0.0998547 0.889328 
85618: 8348.99 0.000713832 0.00288818 0.0182711 0.113485 0.864642 
241424: 3944.24 0.00169475 0.012199 0.0590057 0.198367 0.728733 
2101: 3.14534e+08 3.63959e-07 2.29922e-05 0.00102822 0.0346265 0.964322 
296104: 2968.72 0.0481107 0.0452341 0.159993 0.213485 0.533177 
219297: 71504.8 0.000351356 0.00255454 0.0206696 0.139193 0.837231 
98198: 3.50015e+06 1.23478e-05 0.00029888 0.00511506 0.0741532 0.920421 
301560: 110410 0.000354896 0.00500285 0.031706 0.167467 0.795469 
85068: 1.82599e+06 9.28795e-06 0.000230822 0.00329387 0.0558046 0.940661 
147787: 8657.33 0.001625 0.00212766 0.0151376 0.124736 0.856373 
141467: 289683 0.000132584 0.00166995 0.0158904 0.118088 0.864219 
82612: 7.40496 1 0 0 0 0 
301175: 0.970558 1 0 0 0 0 
145479: 59989.7 1.85065e-05 0.000207177 0.0027497 0.0567179 0.940307 
311451: 41.3617 0.141645 0.31709 0.292062 0.201708 0.0474952 
141128: 4.30559e+06 9.75889e-06 0.000309646 0.00626429 0.0861308 0.907286 
286607: 34175.2 0.000892829 0.00948769 0.0403334 0.171515 0.777771 
188151: 5.5757e+06 4.63463e-06 0.000151898 0.00348352 0.0625866 0.933773 
95644: 1.24776e+06 3.97869e-05 0.000658468 0.00742017 0.0831746 0.908707 
310057: 209.407 0.0433228 0.209332 0.131739 0.216988 0.398618 
240051: 2921.24 0.00581091 0.0246597 0.0822554 0.222613 0.664661 
331959: 8027.7 0.00343756 0.0274389 0.101327 0.278165 0.589632 
164874: 504979 7.95455e-05 0.0011025 0.0113497 0.105633 0.881835 
194964: 737084 2.10724e-05 0.000503852 0.0075762 0.0890971 0.902802 
310524: 8.60413 1 0 0 0 0 
352828: 100826 0.000146506 0.00793178 0.0669604 0.256427 0.668534 
296079: 3304.98 0.00584837 0.0322711 0.108953 0.278025 0.574903 
314753: 11732.1 0.00305682 0.00710443 0.0422934 0.201431 0.746114 
343621: 277.732 0.0902993 0.169304 0.192849 0.306786 0.240761 
244385: 104895 0.000342752 0.00466377 0.0279166 0.152499 0.814578 
89052: 513793 4.14683e-05 0.000491144 0.00834745 0.090415 0.900705 
414882: 582.506 0.0371753 0.180303 0.307351 0.319471 0.155699 
100975: 1.53293e+06 2.71843e-05 0.000432737 0.00584414 0.0737587 0.919937 
28777: 5.47312e+06 1.09602e-05 0.000206852 0.00252326 0.0436291 0.95363 
115054: 1.08531e+08 1.40655e-06 6.95668e-05 0.00215581 0.0498376 0.947936 
62774: 1.914e+06 1.66046e-05 0.000238079 0.00413138 0.0641428 0.931471 
306778: 1.5095e+07 2.61621e-06 6.91708e-05 0.00198373 0.0498189 0.948126 
32676: 2.37418e+07 1.70675e-06 7.0348e-05 0.00198427 0.0469607 0.950983 
209282: 1.83036e+06 6.3176e-05 0.00139194 0.0153542 0.124188 0.859002 
307512: 3.47649e+06 1.44138e-05 0.00017454 0.00429285 0.0697447 0.925773 
293619: 8615.22 0.00252894 0.00995619 0.0352366 0.168011 0.784267 
131295: 376631 7.6828e-05 0.000945266 0.00964503 0.0914982 0.897835 
398645: 1.00034 1 0 0 0 0 
324245: 74233.1 0.000483874 0.00847631 0.0503472 0.213388 0.727304 
377164: 53.0532 0.399167 0.573379 0.0274537 0 0 
30288: 1.27938e+07 6.95682e-06 0.00020213 0.00361289 0.0570102 0.939168 
115913: 3.34675e+07 2.46464e-06 0.00010899 0.00295732 0.0580848 0.938846 
55025: 2.90025e+06 1.55295e-05 0.000259819 0.00432124 0.0660335 0.92937 
49159: 1.425e+07 2.49396e-06 0.000108183 0.00283608 0.0564162 0.940637 
70572: 245247 3.14608e-05 0.000474446 0.00604823 0.0661648 0.927281 
253472: 32325.4 0.000705062 0.00709944 0.0418949 0.173788 0.776513 
203400: 17617.9 0.000799762 0.00298389 0.0172669 0.123379 0.85557 
66312: 6.08134e+07 1.73086e-06 6.79922e-05 0.00196015 0.046673 0.951297 
212695: 17143.8 0.00104663 0.0110373 0.0289425 0.122954 0.83602 
278273: 16285 0.00141675 0.0147479 0.0761541 0.261073 0.646609 
168575: 29059.5 0.000169959 0.00109299 0.0127608 0.108987 0.876989 
313159: 70262.4 0.000482596 0.00436246 0.0371582 0.190565 0.767432 
173440: 2.21779e+06 2.55537e-05 0.000511437 0.00758474 0.0911193 0.900759 
72260: 5.22392e+06 1.62864e-05 0.000461899 0.00766337 0.0900672 0.901791 
284955: 29.5027 0.0298919 0.181977 0.476694 0.213974 0.0974642 
313461: 8.34284 1 0 0 0 0 
345993: 42.5743 0.355834 0.15767 0.235512 0.115817 0.135167 
399152: 26.2636 1 0 0 0 0 
73374: 1.99833e+06 1.3487e-05 0.000181086 0.00321742 0.0588425 0.937746 
351048: 48619.3 0.00021645 0.00278409 0.0371879 0.200798 0.759014 
75877: 1.09515e+06 3.21587e-05 0.000482109 0.00686783 0.0838942 0.908724 
309121: 5016.81 0.00483691 0.0140354 0.0541161 0.195479 0.731533 
265777: 69.4067 0.0927515 0.101824 0.123564 0.349258 0.332603 
211855: 109003 0.000280354 0.00378189 0.0232832 0.132587 0.840068 
388750: 22.7057 1 0 0 0 0 
170489: 464970 0.00020868 0.00346978 0.0237655 0.140757 0.831799 
255231: 1.21868 1 0 0 0 0 
292754: 4493.05 0.00434202 0.0193914 0.0476467 0.161036 0.767584 
177513: 95710.3 0.000163088 0.00113046 0.00825977 0.0762075 0.914239 
223888: 14.2546 1 0 0 0 0 
274493: 2166.43 0.000838621 0.0311464 0.0414125 0.101366 0.825236 
379279: 36.5608 0.54603 0.282979 0.0958325 0.0351458 0.0400129 
331546: 5409.46 0.00161537 0.0172439 0.0707205 0.243044 0.667376 
187421: 229572 6.75312e-05 0.000632941 0.00926167 0.0936117 0.896426 
179399: 92555 0.000171582 0.00149397 0.0148588 0.114827 0.868649 
19603: 1.14545e+07 2.17815e-06 8.48966e-05 0.00222203 0.0496693 0.948022 
157794: 846444 2.59354e-05 0.000642485 0.0093247 0.0982645 0.891742 
132755: 1.07055e+06 4.40879e-05 0.000891596 0.00987733 0.0961202 0.893067 
174462: 98478.4 0.000217694 0.00192288 0.0168668 0.120026 0.860967 
300868: 12800.5 0.000695581 0.00593166 0.0386775 0.170168 0.784528 
225539: 175414 0.000171036 0.00247653 0.0209527 0.127585 0.848815 
147601: 359542 6.30983e-05 0.000972765 0.00904508 0.093291 0.896628 
254232: 8014.3 0.000311962 0.00512153 0.0206674 0.147987 0.825912 
144176: 2.81035e+06 2.17394e-05 0.000502037 0.00741813 0.0901596 0.901898 
202221: 99233.3 0.00063677 0.0050364 0.0299274 0.160466 0.803933 
358615: 33.517 1 0 0 0 0 
336631: 339.102 0.025538 0.076023 0.0947471 0.198667 0.605024 
374916: 10998.5 0.00139268 0.0193539 0.100896 0.274776 0.603581 
257441: 2450.73 0.00383811 0.0129769 0.0454679 0.178393 0.759324 
386319: 64208.2 0.000551385 0.00750226 0.0532723 0.227599 0.711076 
105587: 137566 0.000118018 0.00145821 0.0116827 0.10047 0.886271 
27828: 468318 1.92448e-05 0.000389754 0.00593302 0.0729285 0.920729 
34463: 4439.63 0.00202955 0.0127118 0.0339664 0.159007 0.792285 
205993: 98.3578 0.0147242 0.0729989 0.2428 0.324783 0.344694 
247881: 1.28791e+08 9.38841e-07 5.85353e-05 0.00225409 0.0561965 0.94149 
109281: 689526 1.02429e-05 0.00019961 0.00339587 0.060001 0.936393 
379975: 2.07335 1 0 0 0 0 
337363: 1146.13 0.0230484 0.184713 0.244257 0.254385 0.293596 
84417: 1.09716e+06 6.09137e-05 0.000455788 0.00541178 0.0736305 0.920441 
227982: 754.831 0.000720218 0.0241348 0.0869944 0.291714 0.596437 
63249: 7.61483e+07 7.54173e-07 3.83523e-05 0.00131987 0.0384509 0.96019 
195853: 418826 0.000159525 0.00211544 0.0158166 0.11254 0.869368 
65166: 7.06598e+06 9.14908e-06 0.000192775 0.00378405 0.0625154 0.933499 
265998: 57888.6 0.000885684 0.00585582 0.0343769 0.162226 0.796656 
67010: 9.4618e+06 6.76775e-06 0.000205016 0.00437369 0.0687663 0.926648 
282870: 60746.1 0.000511649 0.00328468 0.0236466 0.143515 0.829042 
198261: 37489.7 0.000258054 0.00187761 0.0169531 0.129926 0.850985 
161548: 576679 8.86615e-05 0.002012 0.0235067 0.16264 0.811753 
105428: 1.70799e+06 3.26959e-05 0.000655187 0.00822148 0.0868761 0.904215 
37520: 2.82438e+07 2.2177e-06 7.27869e-05 0.00194689 0.0456295 0.952349 
61088: 5.76908e+06 8.38348e-06 0.000162938 0.00337336 0.0617023 0.934753 
85633: 2.5344e+07 1.49384e-05 0.000568332 0.00776392 0.0943585 0.897294 
87544: 2.75389e+06 1.27142e-05 0.000343559 0.00577593 0.0783797 0.915488 
148632: 106148 0.000139827 0.00236004 0.0130521 0.104246 0.880202 
738302: 6.00158 1 0 0 0 0 
236065: 21807.9 0.000614113 0.00542195 0.0313278 0.147035 0.815601 
78102: 517730 0.000103454 0.00128529 0.0100588 0.0908373 0.897715 
263926: 10289.6 0.00334437 0.0117316 0.0456328 0.196468 0.742823 
237504: 86056.5 0.000218139 0.00156642 0.0152002 0.131725 0.851291 
286757: 837.578 0.000710287 0.00407919 0.0214137 0.106572 0.867225 
29784: 2.6083e+06 1.26054e-05 0.000212837 0.00354989 0.0561153 0.940109 
57109: 347233 2.13082e-05 0.000347013 0.00660629 0.0831535 0.909872 
342076: 1982.67 0.0203523 0.0415854 0.114672 0.284132 0.539258 
322886: 30507.4 0.00194932 0.00914385 0.0360207 0.170186 0.7827 
390609: 43.164 0.626764 0.0822821 0.0990818 0.0770596 0.114813 
213733: 64915.5 0.000398959 0.00388599 0.0222957 0.139205 0.834214 
197748: 208598 0.000207734 0.00205629 0.0187415 0.130224 0.84877 
46790: 107936 0.000217768 0.00183517 0.0151976 0.109785 0.872964 
109071: 1.43492e+07 4.59172e-06 0.000197461 0.00443855 0.0713514 0.924008 
373944: 7.44286 0.14253 0.375016 0.0609505 0.155423 0.266081 
378301: 209.884 0.165803 0.0769144 0.152687 0.244068 0.360527 
223698: 259088 0.000113447 0.00143421 0.0129196 0.106496 0.879037 
38732: 7.6081e+06 2.6414e-06 5.64536e-05 0.00143541 0.0386265 0.959879 
204961: 4.61076 1 0 0 0 0 
67410: 2.52806e+06 2.23902e-05 0.000254839 0.00420858 0.0647866 0.930728 
109524: 326579 4.19417e-05 0.000476335 0.00587508 0.0786215 0.914985 
83779: 3.5648e+07 1.36259e-05 0.000391431 0.00721664 0.0895032 0.902875 
308242: 59153.7 0.00111029 0.014287 0.0702701 0.226274 0.688059 
48322: 6.45154e+06 8.89715e-06 0.000306938 0.00475352 0.0669526 0.927978 
300836: 335111 0.000157153 0.00252343 0.0232802 0.155662 0.818377 
217085: 15241.4 0.00124225 0.00812148 0.0313698 0.159725 0.799542 
326108: 279.507 0.0635147 0.166767 0.176817 0.266245 0.326655 
87149: 1.20202e+06 1.62139e-05 0.00028042 0.00494482 0.0707141 0.924044 
168119: 684471 4.40473e-05 0.00105265 0.011277 0.0982571 0.889369 
160858: 123343 0.000242173 0.00213136 0.0148026 0.115372 0.867452 
119655: 5.49996e+06 3.90185e-06 0.000126556 0.0034502 0.0641321 0.932287 
363474: 3.75366 1 0 0 0 0 
290043: 3.78906 1 0 0 0 0 
112406: 1.17438e+06 2.93352e-05 0.000459731 0.00644976 0.081097 0.911964 
331428: 7.96628 0.79434 0.13478 0.0708798 0 0 
269718: 30932.6 0.00116968 0.00488005 0.025142 0.136137 0.832671 
226790: 380553 1.19495e-05 0.00059773 0.00946435 0.103517 0.886409 
267222: 9229.27 0.0032559 0.0190441 0.0748519 0.250755 0.652093 
86526: 2.33424e+07 1.17235e-05 0.000373356 0.007226 0.0809318 0.911457 
164626: 189049 7.1155e-05 0.00100424 0.00974571 0.090218 0.898961 
189182: 117962 0.000278932 0.00249465 0.0204854 0.141593 0.835148 
149755: 185839 0.000118799 0.000782933 0.0118718 0.114107 0.873119 
84064: 2.61214e+06 1.63703e-05 0.00052216 0.00714152 0.0829356 0.909384 
327150: 0.540147 1 0 0 0 0 
387875: 625.612 0.0420068 0.042101 0.158514 0.290059 0.467319 
317125: 447.882 0.0282095 0.0458989 0.104217 0.211106 0.610569 
128497: 2.45228e+06 1.63954e-05 0.000311364 0.00550646 0.0763227 0.917843 
338824: 1217.7 0.00136611 0.00795504 0.0416144 0.199065 0.749999 
171519: 55152.1 0.00015896 0.00138376 0.0118147 0.103006 0.883637 
196225: 1.92853e+06 4.53345e-05 0.00108912 0.0116191 0.105818 0.881429 
