n = 3072441
m = 117185083
begin to read Graph...
readGraph Over...
begin to init vec....
init vec Over...
totoal time: 33.62
56085: 4.51922e+12 1.72164e-11 5.9396e-10 1.39944e-08 2.48619e-07 3.6554e-06 4.71725e-05 0.000570779 0.00671339 0.0784849 0.91418 
41725: 7.50668e+13 1.78967e-12 8.29805e-11 2.52295e-09 5.79579e-08 1.14807e-06 2.00617e-05 0.000322501 0.0048316 0.0685185 0.926306 
64658: 1.97866e+11 2.60231e-10 3.84405e-09 4.72296e-08 5.68942e-07 7.03689e-06 8.04792e-05 0.000867014 0.00898185 0.0904661 0.899597 
36884: 4.20897e+12 1.88965e-11 5.62994e-10 9.41396e-09 1.43785e-07 2.08682e-06 2.9197e-05 0.000398247 0.00533865 0.0706113 0.92362 
33408: 2.05182e+12 3.97267e-11 6.00361e-10 1.07815e-08 1.79282e-07 2.56168e-06 3.41947e-05 0.000449534 0.00580791 0.0738902 0.919815 
143224: 1.34373e+12 2.81062e-11 6.45419e-10 1.34399e-08 2.39286e-07 3.62537e-06 4.87919e-05 0.000607952 0.00721692 0.0824168 0.909706 
369149: 13723.3 0.0010847 0.00393328 0.0183355 0.0338097 0.0345534 0.0471729 0.0688957 0.118178 0.221757 0.45228 
184949: 1.10949e+10 6.28098e-09 1.14274e-07 1.2083e-06 1.01099e-05 7.71347e-05 0.000543121 0.00356595 0.0222427 0.135527 0.838033 
229984: 5.3477e+10 1.31232e-09 2.48633e-08 5.57858e-07 6.07942e-06 6.1838e-05 0.000532671 0.00407869 0.0269432 0.15682 0.811557 
352090: 322059 9.51227e-05 0.000328205 0.00170639 0.00642844 0.019271 0.0468728 0.0949821 0.167096 0.268164 0.395056 
127222: 1.80294e+13 3.5772e-12 1.24969e-10 3.76106e-09 8.96965e-08 1.76536e-06 3.00528e-05 0.000455198 0.00623936 0.0784572 0.914816 
26214: 1.17683e+15 7.26986e-14 6.30283e-12 3.29158e-10 1.22502e-08 3.54951e-07 8.57213e-06 0.000180085 0.00339025 0.0584437 0.937977 
358065: 1.10168e+10 7.3755e-09 3.27455e-07 5.61576e-06 5.77309e-05 0.00045641 0.00277977 0.0138424 0.0587127 0.216455 0.70769 
78511: 8.96159e+12 3.66524e-12 1.04829e-10 2.35737e-09 4.37722e-08 7.71789e-07 1.39403e-05 0.000246147 0.00412852 0.064315 0.931296 
53771: 9.46039e+08 1.26281e-08 9.05711e-08 5.90892e-07 4.47375e-06 3.0454e-05 0.000203078 0.00146266 0.0116058 0.0991851 0.887508 
188065: 2.629e+10 2.77438e-09 4.83661e-08 5.15802e-07 4.19191e-06 3.06906e-05 0.000219267 0.00161052 0.0126598 0.104356 0.881119 
328118: 244006 7.42974e-05 0.000653681 0.00210012 0.00420111 0.00996419 0.0247438 0.0564832 0.120388 0.247936 0.533456 
353356: 9.05687 1 0 0 0 0 0 0 0 0 0 
174414: 3.3529e+10 5.8613e-10 7.49204e-09 1.0033e-07 1.1081e-06 1.07572e-05 0.000101235 0.000970884 0.00952602 0.0935043 0.895886 
287825: 1.7636e+06 3.40018e-06 6.39997e-05 0.000276369 0.000762971 0.00211078 0.00664541 0.0220007 0.0715845 0.224163 0.672389 
134200: 1.90296e+07 5.09371e-07 2.97919e-07 4.46035e-06 3.15838e-05 0.000166032 0.000805442 0.00403542 0.0224667 0.133908 0.838582 
196296: 8.33134e+08 3.56879e-08 3.65473e-07 2.66563e-06 1.87983e-05 0.00011545 0.000670141 0.00387522 0.022672 0.135506 0.83714 
377615: 10.6451 1 0 0 0 0 0 0 0 0 0 
31789: 9.91147e+12 5.3292e-12 9.58486e-11 2.12171e-09 4.21699e-08 7.93039e-07 1.41831e-05 0.000243779 0.00399261 0.0623935 0.933355 
86138: 264059 3.93541e-05 0.000145407 0.000440292 0.00114852 0.00244246 0.00656471 0.0195936 0.0631536 0.207236 0.699236 
248897: 82.8397 0.271372 0.569456 0.159172 0 0 0 0 0 0 0 
4644: 1.63566e+13 4.00925e-12 1.5585e-10 3.67694e-09 7.06558e-08 1.21763e-06 1.92843e-05 0.000289793 0.00427498 0.0630878 0.932327 
109167: 3.96613e+09 3.99627e-09 3.13551e-08 1.75882e-07 1.40218e-06 1.201e-05 0.000109193 0.00102783 0.00978548 0.0934761 0.895588 
105212: 2.30377e+08 1.16585e-08 1.99208e-08 1.26628e-07 1.09295e-06 8.92078e-06 7.82981e-05 0.0007574 0.00789226 0.0848976 0.906364 
207817: 5.93507e+08 4.70846e-08 3.94233e-07 4.469e-06 3.1266e-05 0.000194957 0.00108246 0.00569706 0.0296295 0.154037 0.809323 
284779: 1.72928 1 0 0 0 0 0 0 0 0 0 
248575: 6.29157 1 0 0 0 0 0 0 0 0 0 
381082: 148229 0.000471721 0.00249768 0.00708342 0.0126477 0.0172767 0.0263806 0.0519012 0.113858 0.249153 0.518729 
44565: 9.1798e+11 1.05871e-11 9.59226e-11 1.02617e-09 1.68419e-08 4.11593e-07 9.86134e-06 0.000208923 0.00385373 0.0630593 0.932868 
226776: 4.16508e+08 5.42856e-08 8.22172e-07 7.12537e-06 4.64285e-05 0.000267329 0.00139839 0.00679541 0.031643 0.155075 0.804767 
369499: 6.2284 1 0 0 0 0 0 0 0 0 0 
335076: 48719.8 0.00131704 0.00186034 0.00327274 0.00447407 0.00532456 0.0150406 0.0367229 0.0927464 0.239843 0.599398 
28358: 6.68696e+12 1.52396e-11 6.42763e-10 1.49381e-08 2.46522e-07 3.3466e-06 4.17962e-05 0.000508969 0.00620614 0.0757514 0.917488 
342224: 266.753 0.0533229 0.0403438 0.0793894 0.0736367 0.0543608 0.100743 0.124861 0.167095 0.177786 0.128461 
202718: 3.21485e+07 1.40395e-07 1.71597e-06 9.77054e-06 4.68984e-05 0.000224102 0.00109586 0.00552007 0.0284558 0.147856 0.816789 
336700: 2917.03 0.0146106 0.0264274 0.0213447 0.0203858 0.0389919 0.054741 0.0800692 0.151236 0.226277 0.365916 
328166: 5.19326e+06 2.26699e-06 2.92142e-05 0.000229782 0.00108245 0.00428767 0.0139951 0.0391617 0.0997217 0.243607 0.597883 
57774: 5.80202e+11 8.39055e-11 1.15312e-09 1.76721e-08 2.61385e-07 3.57098e-06 4.5507e-05 0.000563221 0.00677862 0.0798539 0.912755 
284832: 10938.9 0.00278247 0.00518381 0.0122685 0.0258567 0.0404523 0.0468042 0.071421 0.134167 0.25197 0.409094 
136231: 1.01591e+12 1.33408e-10 3.80921e-09 6.7346e-08 8.77625e-07 1.01821e-05 0.000107585 0.00109283 0.0104992 0.0982102 0.890079 
166081: 4.54278e+11 1.87119e-10 3.72273e-09 5.13054e-08 6.11371e-07 7.53257e-06 8.21897e-05 0.000954614 0.00958898 0.0969187 0.892447 
14839: 1.03107e+13 6.14491e-12 1.61651e-10 3.87728e-09 8.13477e-08 1.42415e-06 2.19484e-05 0.000324176 0.00465347 0.0661378 0.928861 
75547: 7.41437e+10 1.113e-10 1.10098e-09 2.05818e-08 2.81179e-07 3.9118e-06 5.33478e-05 0.000691515 0.00825707 0.0899386 0.901055 
319560: 325542 3.95797e-05 0.000124617 0.000624353 0.00186152 0.00515476 0.0134767 0.0337584 0.0857221 0.229659 0.629579 
138306: 2.10279e+11 3.2249e-10 8.41369e-09 1.31349e-07 1.64904e-06 1.76826e-05 0.000168344 0.00147875 0.0125182 0.10472 0.881095 
13750: 4.19545e+13 4.11095e-13 1.2893e-11 4.79136e-10 1.34493e-08 3.39135e-07 7.62504e-06 0.000156699 0.00299982 0.0544179 0.942418 
134269: 4.83839e+09 9.32267e-09 1.61983e-07 1.19708e-06 9.29837e-06 6.39248e-05 0.000408527 0.00252836 0.0162506 0.112868 0.86787 
181200: 5.40524e+11 1.30644e-10 3.13545e-09 4.7452e-08 5.61106e-07 6.41797e-06 7.14659e-05 0.00078492 0.0084217 0.0884429 0.902272 
209816: 4.39507e+08 1.31698e-07 1.96745e-06 1.24282e-05 6.77331e-05 0.000305527 0.00130906 0.00584105 0.0266861 0.140677 0.825099 
190044: 1.79562e+09 1.07208e-08 2.78566e-07 4.03272e-06 3.96859e-05 0.000296745 0.00181354 0.0094586 0.0437452 0.186033 0.758609 
349495: 1.94952e+09 2.45226e-08 1.97855e-07 2.31262e-06 1.6089e-05 0.000113919 0.000727753 0.00480407 0.0294056 0.162911 0.802019 
284239: 1.11516e+06 2.36154e-05 5.8543e-05 0.000235927 0.000755022 0.00225151 0.00684133 0.0203455 0.0619663 0.19947 0.708052 
263892: 532801 1.90866e-05 0.000134758 0.000482328 0.00115219 0.00293091 0.00797689 0.0237629 0.0724708 0.21994 0.67113 
311860: 1.52909e+06 2.96886e-05 0.000137845 0.000280511 0.000542774 0.0015576 0.00497169 0.016287 0.0540954 0.190948 0.731149 
401264: 6.50093 1 0 0 0 0 0 0 0 0 0 
61792: 3.9799e+12 1.2098e-11 2.92565e-10 6.85953e-09 1.40433e-07 2.44294e-06 3.68358e-05 0.000502622 0.00639618 0.0777567 0.915305 
264306: 50001.8 0.000811922 0.00180247 0.00222085 0.00429744 0.008951 0.0210923 0.0452203 0.10162 0.237188 0.576796 
230773: 2.3762e+10 2.80289e-09 2.77116e-08 2.71249e-07 2.87577e-06 2.99129e-05 0.000276485 0.00223783 0.0165307 0.118172 0.86275 
156757: 1.14189e+10 7.20028e-10 3.95386e-09 6.09051e-08 6.67085e-07 7.21969e-06 7.65814e-05 0.000824663 0.00874295 0.0902398 0.900108 
8753: 1.76674e+14 3.05679e-13 1.34573e-11 4.34801e-10 1.17995e-08 2.84602e-07 6.34208e-06 0.000133691 0.0026869 0.0516571 0.945516 
65446: 1.92288e+11 2.51683e-10 4.16284e-09 5.19417e-08 5.85152e-07 6.37816e-06 6.71993e-05 0.000703993 0.00754388 0.0824457 0.909232 
322660: 11733.7 0.000180947 0.00116395 0.00244547 0.0029769 0.00911929 0.0162455 0.0286594 0.0605635 0.171314 0.707331 
165623: 7.9642e+09 4.16279e-09 5.71742e-08 4.5518e-07 3.7134e-06 3.16522e-05 0.000268958 0.00219708 0.0167689 0.12135 0.859379 
62290: 9.11867e+13 6.75959e-13 2.6798e-11 1.10296e-09 3.34684e-08 7.99554e-07 1.60798e-05 0.000284285 0.00454435 0.0670715 0.928083 
363570: 37.2609 1 0 0 0 0 0 0 0 0 0 
366704: 36171.2 0.000426278 0.00406472 0.0160792 0.0342581 0.0441032 0.0640825 0.0982982 0.139317 0.213622 0.38575 
325934: 65410.7 0.000120795 0.0010386 0.00253238 0.00478664 0.00968732 0.0181902 0.0416595 0.100298 0.237597 0.584089 
290355: 13614 0.00247445 0.00421417 0.00156935 0.00477751 0.0065012 0.00634271 0.0178099 0.0537946 0.186547 0.715969 
184168: 0.896969 1 0 0 0 0 0 0 0 0 0 
156299: 2.71511e+09 5.86214e-09 2.85647e-08 2.45524e-07 2.32364e-06 2.05352e-05 0.000179208 0.00158567 0.0137028 0.112501 0.872008 
252344: 1.58612e+08 1.06814e-07 6.44876e-07 4.27998e-06 2.7217e-05 0.000150283 0.00079719 0.00425231 0.0235677 0.137625 0.833576 
124593: 5.80674e+09 4.1807e-09 3.81168e-08 2.75554e-07 2.03471e-06 1.55543e-05 0.000126996 0.00109932 0.0100063 0.0939748 0.894775 
392741: 8.21006 1 0 0 0 0 0 0 0 0 0 
17456: 1.93619e+12 1.86655e-11 2.00401e-10 3.41085e-09 7.51795e-08 1.4662e-06 2.48952e-05 0.00038251 0.00541747 0.072354 0.92182 
400127: 4.5591 1 0 0 0 0 0 0 0 0 0 
353584: 10100.2 0.0014014 0.00161178 0.00485312 0.0227687 0.0567878 0.091736 0.140679 0.197203 0.221085 0.261874 
372726: 4637.7 0.00222852 0.00905414 0.0147528 0.0411525 0.0632159 0.0545488 0.0611913 0.0872164 0.174417 0.492223 
383932: 92053.9 0.0004275 0.000964487 0.00274 0.00429931 0.00583976 0.0110716 0.0302644 0.0895051 0.247787 0.607101 
197622: 5.57158e+09 1.8847e-08 2.19211e-07 1.17042e-06 7.15992e-06 4.84506e-05 0.000343571 0.00243903 0.0167342 0.117047 0.863379 
215078: 1.43184e+09 2.47011e-08 2.85376e-07 2.21557e-06 1.40923e-05 8.67641e-05 0.000542018 0.00343101 0.021058 0.13273 0.842136 
349462: 1.64281e+07 1.33753e-06 1.04149e-05 3.47451e-05 0.000119894 0.000566001 0.00240051 0.00939992 0.03589 0.15858 0.792997 
56579: 1.10254e+12 6.64921e-11 1.47197e-09 2.48964e-08 3.56512e-07 4.48587e-06 5.40857e-05 0.000630095 0.00720542 0.0814782 0.910627 
357250: 94.3248 1 0 0 0 0 0 0 0 0 0 
318935: 100.678 0.0158262 0.0609917 0.0298377 0.223543 0.257366 0.240986 0.0960541 0.0385369 0.0234627 0.0133956 
358412: 1.13681e+09 2.29694e-07 2.00737e-06 1.20668e-05 8.9105e-05 0.000421834 0.00242705 0.01232 0.0546094 0.211888 0.71823 
248676: 1.49993e+12 1.3012e-10 7.74149e-09 9.99494e-08 2.18001e-06 2.28087e-05 0.000239486 0.00212595 0.017283 0.12701 0.853317 
364727: 85.0775 1 0 0 0 0 0 0 0 0 0 
86647: 1.01586e+10 1.71723e-09 2.76797e-08 3.41593e-07 3.23948e-06 2.69447e-05 0.000212056 0.00165128 0.0130435 0.105541 0.879522 
285725: 3.5288 1 0 0 0 0 0 0 0 0 0 
118999: 1.89581e+11 1.94003e-10 4.245e-09 6.72574e-08 8.08244e-07 8.34011e-06 8.24816e-05 0.000834073 0.00864184 0.0893288 0.901104 
66802: 6.04608e+10 3.97995e-10 4.51298e-09 6.14252e-08 7.02421e-07 8.04555e-06 9.07577e-05 0.000951406 0.00958231 0.0937162 0.89565 
171822: 3.38792e+09 1.34533e-08 1.77198e-07 1.40684e-06 1.21515e-05 0.00010684 0.000799192 0.00517211 0.0297975 0.158332 0.805778 
208872: 1.67707e+09 1.00866e-08 1.34921e-07 1.86342e-06 1.73222e-05 0.000128384 0.000810709 0.00463091 0.0254638 0.141791 0.827156 
370166: 319.812 0.149111 0.27645 0.241972 0.133342 0.0930489 0.0686199 0.031679 0.0044733 0.000288116 0.00101626 
93422: 8.43367e+10 5.9943e-10 9.48671e-09 1.04551e-07 9.03637e-07 7.92141e-06 7.55591e-05 0.000779525 0.00821085 0.0866797 0.904245 
273356: 24.2612 0.286993 0.262559 0.0119619 0.00365464 0.00422766 0.0058312 0.00784589 0.0288369 0.0992401 0.288849 
16330: 7.44782e+13 1.02182e-12 3.94327e-11 1.10892e-09 2.42308e-08 4.27004e-07 7.02421e-06 0.000117353 0.00218801 0.0454945 0.952193 
376359: 86.1265 0.207772 0.792228 0 0 0 0 0 0 0 0 
219820: 1.10765e+09 2.12201e-08 2.3373e-07 1.61928e-06 8.41978e-06 3.7626e-05 0.00017143 0.00150962 0.0116644 0.108005 0.878602 
72582: 1.54736e+11 2.94026e-10 2.61877e-09 2.99961e-08 3.58844e-07 4.45803e-06 5.4974e-05 0.00064161 0.00731857 0.081984 0.909996 
324113: 1.84255 0.574983 0.425017 0 0 0 0 0 0 0 0 
377678: 50.0643 1 0 0 0 0 0 0 0 0 0 
330824: 377439 5.83912e-05 0.000130419 0.000437156 0.00126448 0.00307064 0.00882391 0.0273827 0.083244 0.237735 0.637853 
240346: 1.02423e+09 6.63414e-08 4.81092e-07 2.71232e-06 1.57446e-05 7.88844e-05 0.000378456 0.00201545 0.0131428 0.102952 0.881414 
67812: 8.13474e+12 2.42505e-12 8.29003e-11 2.28898e-09 5.5157e-08 1.12834e-06 2.03871e-05 0.000331372 0.00497015 0.0696822 0.924995 
343909: 7.28494 1 0 0 0 0 0 0 0 0 0 
232333: 1.83265e+09 2.01829e-08 1.7459e-07 1.67992e-06 1.25143e-05 8.88861e-05 0.000588051 0.00373316 0.022901 0.139087 0.833587 
97938: 6.75772e+10 1.98257e-10 2.34752e-09 3.32256e-08 4.74428e-07 5.90038e-06 6.85083e-05 0.000739346 0.00820804 0.0860777 0.9049 
360664: 96.8395 1 0 0 0 0 0 0 0 0 0 
185217: 7.8596e+08 6.50357e-08 4.48681e-07 1.95466e-06 1.12765e-05 7.1075e-05 0.000461629 0.00302371 0.0197531 0.128794 0.847883 
272647: 1.97655e+07 2.33459e-07 1.34072e-06 8.30711e-06 5.77409e-05 0.000378994 0.00191797 0.00870248 0.0385757 0.17205 0.778308 
77452: 1.41388e+11 3.24005e-10 7.00061e-09 9.37004e-08 1.13732e-06 1.24711e-05 0.000125243 0.00121753 0.0109131 0.099283 0.888447 
49463: 1.027e+11 4.88616e-11 1.58759e-09 3.15926e-08 4.05229e-07 4.7251e-06 5.58137e-05 0.000652256 0.00764657 0.0848559 0.906784 
199144: 7.81377e+08 2.46249e-08 2.93505e-07 2.00142e-06 1.3154e-05 7.60673e-05 0.000438609 0.00264855 0.0171543 0.119032 0.860635 
285455: 101673 6.48028e-05 0.000116576 0.000346195 0.000551939 0.00217513 0.00658676 0.0213819 0.0697965 0.218597 0.680383 
241254: 6.07529 1 0 0 0 0 0 0 0 0 0 
135460: 8.17697e+10 5.9393e-10 1.24781e-08 1.91381e-07 2.15632e-06 2.05785e-05 0.000176512 0.00145018 0.0119303 0.101517 0.884903 
131411: 3.75245e+11 2.33172e-10 6.31916e-09 6.27401e-08 6.62438e-07 6.91074e-06 7.78889e-05 0.000858371 0.00918853 0.0925644 0.897303 
39065: 1.73013e+11 1.22096e-10 2.23051e-09 3.5964e-08 5.07278e-07 5.94509e-06 6.55057e-05 0.000686321 0.0074048 0.0814344 0.910403 
363861: 31155.1 0.00149539 0.0250676 0.106667 0.130816 0.183247 0.0982728 0.0796734 0.116993 0.13118 0.126587 
365369: 1.28653 1 0 0 0 0 0 0 0 0 0 
312392: 109751 7.76236e-05 0.00020156 0.000646405 0.00114494 0.00260591 0.00682729 0.0203629 0.0653179 0.213034 0.689781 
316994: 11.2722 0.927706 0.0722941 0 0 0 0 0 0 0 0 
89938: 7.67748e+10 2.42779e-10 5.57173e-09 5.96625e-08 6.19064e-07 6.99002e-06 8.13566e-05 0.000892301 0.00940418 0.0931872 0.896427 
77991: 3.96207e+11 1.96461e-10 2.91471e-09 3.06353e-08 3.15412e-07 3.52158e-06 4.31563e-05 0.000542972 0.00668623 0.0795161 0.913208 
276623: 1.38597e+08 3.69608e-07 1.06277e-06 5.32433e-06 3.57515e-05 0.000232914 0.00133883 0.00710133 0.0354749 0.168859 0.786951 
400347: 145946 8.14593e-05 0.000516078 0.00253403 0.00858982 0.0245541 0.0582308 0.114363 0.187464 0.26377 0.339897 
311111: 1.97564e+07 1.09674e-06 1.01277e-05 4.76261e-05 0.000184373 0.000644597 0.0025081 0.0107298 0.0464022 0.19174 0.747732 
347179: 3.97475e+08 8.33486e-08 1.16248e-06 3.99437e-06 2.51857e-05 0.000126564 0.000689177 0.00388807 0.0244393 0.14776 0.823066 
232212: 2.63641 0.536312 0.463688 0 0 0 0 0 0 0 0 
85663: 3.74544e+10 8.05425e-10 2.19406e-09 4.50485e-08 6.10397e-07 6.29971e-06 6.72907e-05 0.000764544 0.00822282 0.0883791 0.902559 
211588: 2.36954e+09 1.66893e-08 2.46717e-07 3.02725e-06 2.42154e-05 0.000161809 0.000930436 0.00490165 0.0249966 0.134949 0.834033 
122561: 1.46543e+10 1.90193e-09 2.24888e-08 2.21116e-07 1.85358e-06 1.57022e-05 0.000133573 0.00115359 0.0101269 0.092562 0.896006 
317849: 1943.8 0.00212879 0.00644306 0.0110132 0.0135249 0.0180465 0.0416718 0.0749596 0.122344 0.220069 0.489799 
357827: 2.60934e+08 1.29749e-07 5.03622e-06 7.19601e-05 0.000530706 0.00196349 0.00818295 0.0264181 0.0841967 0.24054 0.63809 
125739: 9.29807e+10 1.34037e-09 1.67667e-08 1.75883e-07 1.72729e-06 1.56501e-05 0.000139787 0.00122739 0.0108787 0.0978646 0.889872 
396790: 35.916 0.206403 0.476266 0.234797 0.0754285 0.00710535 0 0 0 0 0 
280287: 1.23341e+08 4.61023e-07 3.27071e-06 2.10698e-05 0.000105867 0.000468865 0.00192161 0.00777241 0.0330932 0.154777 0.801836 
291536: 540423 1.61617e-05 3.12592e-05 0.000102378 0.000473563 0.00114437 0.00371089 0.0134722 0.0512731 0.19588 0.733896 
102477: 1.95764e+12 2.74797e-11 1.01701e-09 2.06783e-08 3.02404e-07 3.86273e-06 4.73366e-05 0.000574046 0.00688571 0.080592 0.911897 
112352: 6.4684e+11 3.61518e-11 1.4134e-09 3.17262e-08 5.59536e-07 7.81655e-06 9.2781e-05 0.000985408 0.0098038 0.0943342 0.894775 
351925: 1.62266e+06 9.24458e-06 8.77554e-05 0.000640699 0.00369748 0.0136029 0.0390285 0.088302 0.16798 0.277542 0.40911 
342969: 517441 0.000115251 0.000799187 0.00188022 0.00346421 0.00686693 0.0148653 0.0337296 0.0872404 0.236263 0.614775 
93594: 1.33068e+11 1.8529e-10 2.57801e-09 5.0917e-08 7.00744e-07 8.20351e-06 9.08805e-05 0.000977827 0.0100517 0.0974526 0.891418 
96800: 1.39538e+12 3.49066e-11 9.54339e-10 1.90202e-08 2.96134e-07 4.02121e-06 5.16764e-05 0.000621176 0.00729901 0.0825183 0.909506 
162906: 8.45345e+08 8.21788e-09 1.63023e-08 1.51974e-07 9.49295e-07 8.76703e-06 9.1236e-05 0.000927374 0.00920614 0.0910017 0.898764 
384436: 5042.08 0.00484632 0.0152922 0.0147265 0.0191757 0.0236637 0.0606807 0.123443 0.200789 0.254285 0.283098 
108174: 5.65544e+11 1.59561e-10 3.62285e-09 7.17289e-08 1.11822e-06 1.34576e-05 0.000143081 0.00138465 0.0124945 0.107564 0.878399 
251860: 9.74035e+08 1.62437e-08 1.96868e-07 2.03736e-06 1.55751e-05 9.91565e-05 0.000617161 0.00381004 0.0233348 0.140284 0.831837 
348688: 10.0035 1 0 0 0 0 0 0 0 0 0 
213797: 2.5556e+10 5.68632e-10 1.68232e-08 2.66333e-07 3.21954e-06 3.16458e-05 0.000271855 0.00210793 0.0155048 0.1136 0.86848 
293643: 47152.2 6.54801e-05 0.00167033 0.00935314 0.021194 0.0337355 0.0556291 0.093418 0.163138 0.259846 0.361951 
255787: 4.92357e+07 3.60218e-07 1.64407e-06 8.2279e-06 3.58427e-05 0.000136769 0.000569863 0.00286805 0.0179082 0.123222 0.855249 
183535: 1.33378e+11 2.18625e-10 5.37694e-09 1.00122e-07 1.5013e-06 1.80515e-05 0.000186862 0.00173273 0.014648 0.115466 0.867947 
146155: 5.21184e+10 4.76438e-10 1.55617e-08 1.84373e-07 2.08243e-06 2.15982e-05 0.000201272 0.00171714 0.0139511 0.11011 0.873996 
374021: 1397.86 0.0119255 0.040615 0.140314 0.103188 0.0550467 0.0428768 0.0642561 0.106248 0.170482 0.265048 
99670: 3.04675e+11 1.5006e-10 2.63724e-09 2.58821e-08 2.55263e-07 2.76395e-06 3.40576e-05 0.000444653 0.00582492 0.0745194 0.919174 
308555: 7.49957e+06 2.03872e-06 1.31212e-05 4.0915e-05 0.000162376 0.000662009 0.00280587 0.0118387 0.0484671 0.193329 0.742679 
269301: 3.66024e+06 2.60325e-06 1.24311e-05 3.91137e-05 0.000189321 0.00076757 0.00302159 0.0121479 0.0485075 0.188927 0.746385 
88659: 2.68524e+11 8.18378e-11 2.31283e-09 3.72978e-08 4.48326e-07 5.19032e-06 5.73847e-05 0.000639071 0.00719988 0.0814627 0.910635 
122322: 7.63073e+11 5.93224e-11 1.31417e-09 2.16859e-08 2.91018e-07 3.90999e-06 4.92475e-05 0.000621291 0.00729391 0.0834291 0.908602 
364001: 807695 4.79816e-05 0.000295949 0.00168249 0.0069994 0.0198588 0.045054 0.0904758 0.16109 0.265756 0.408739 
121290: 1.11896e+11 8.274e-10 1.52417e-08 2.06925e-07 2.27454e-06 2.16814e-05 0.000188806 0.00157666 0.0129875 0.106724 0.878499 
315450: 2.07572e+06 1.14119e-05 0.000120853 0.00042924 0.00121115 0.00282734 0.00722292 0.0206845 0.063372 0.204073 0.700048 
34379: 1.13435e+12 3.05716e-11 7.4417e-10 1.4067e-08 2.31735e-07 3.38919e-06 4.52404e-05 0.000565925 0.00680028 0.079479 0.913106 
2104: 2.65738e+15 4.44396e-14 4.08635e-12 2.1551e-10 8.22301e-09 2.49598e-07 6.38596e-06 0.000143188 0.00289617 0.0539975 0.942956 
218268: 1.01215e+07 9.99579e-07 2.22291e-06 6.66784e-06 2.47793e-05 0.000231997 0.00121074 0.0052946 0.0245999 0.124091 0.844537 
105193: 256.696 0.109099 0.210507 0.520889 0.159152 0.000351824 0 0 0 0 0 
351399: 1.4792e+06 2.36708e-05 0.000268696 0.000950056 0.00352419 0.0118651 0.0333297 0.075973 0.155562 0.276256 0.442247 
72746: 5.7895e+10 1.56621e-10 2.90981e-09 2.80436e-08 3.04292e-07 3.65274e-06 4.54409e-05 0.000563209 0.00687881 0.0808757 0.911633 
330550: 1.12843 1 0 0 0 0 0 0 0 0 0 
215216: 280.76 0.0197201 0.0485349 0.168092 0.320791 0.265175 0.129188 0.0431669 0.00518003 0.000151921 0 
248162: 1.10513e+07 4.34122e-07 1.72011e-06 1.382e-05 7.72994e-05 0.000408474 0.00214456 0.0103408 0.0459735 0.191125 0.749914 
259223: 1.14496e+08 1.09083e-07 6.60375e-07 4.85349e-06 2.77174e-05 0.000161423 0.000902984 0.00493234 0.0269015 0.146938 0.820131 
350365: 1.7098e+06 1.19686e-05 0.000142075 0.000925675 0.00351631 0.0101864 0.0251673 0.0555803 0.121288 0.247977 0.535205 
393084: 12.1442 0.40844 0.59156 0 0 0 0 0 0 0 0 
121420: 9.29413e+10 2.49902e-10 4.52718e-09 6.48366e-08 7.11609e-07 7.88376e-06 8.57305e-05 0.000917869 0.0094782 0.0940726 0.895437 
45857: 7.64013e+10 3.3642e-10 3.77104e-09 4.01651e-08 5.42205e-07 7.08934e-06 8.99769e-05 0.000990122 0.0102231 0.0972565 0.891433 
16762: 2.64296e+14 4.05096e-14 1.42084e-12 7.47113e-11 3.74233e-09 1.41192e-07 4.29455e-06 0.000110384 0.00249101 0.0506375 0.946757 
80971: 1.2125e+12 6.29256e-11 1.74106e-09 3.11241e-08 4.43083e-07 5.55766e-06 6.45054e-05 0.000718904 0.00784984 0.0848777 0.906483 
126884: 2.95901e+11 1.66418e-10 3.7385e-09 5.64309e-08 7.0072e-07 7.9294e-06 8.51383e-05 0.000879628 0.00900785 0.0905913 0.899427 
217996: 3.59448e+06 3.65843e-07 1.34425e-06 1.02907e-05 5.36506e-05 0.00027399 0.00122446 0.00524868 0.0248272 0.131463 0.836897 
194467: 7.50475e+09 2.09934e-09 3.03679e-08 7.84039e-07 7.67888e-06 6.31638e-05 0.000436854 0.002777 0.017452 0.118044 0.861219 
45013: 2.49481e+12 1.33615e-11 3.96471e-10 1.1175e-08 1.96952e-07 3.25167e-06 4.43329e-05 0.000574522 0.0068047 0.0794584 0.913115 
180814: 9.32885e+09 3.11116e-09 1.39925e-08 2.11561e-07 2.03469e-06 1.84037e-05 0.00016784 0.00150109 0.0131169 0.108994 0.8762 
221456: 6.06918e+10 7.30974e-10 1.30563e-08 1.56314e-07 1.59468e-06 1.70422e-05 0.00017942 0.00172871 0.014875 0.116759 0.866439 
70703: 9.04036e+11 7.15081e-11 1.12342e-09 1.61327e-08 2.14854e-07 2.82981e-06 3.7187e-05 0.000483772 0.00618486 0.0766071 0.916684 
151494: 5.8963e+11 7.95034e-11 2.08821e-09 3.33549e-08 4.23592e-07 5.00478e-06 5.81702e-05 0.000674529 0.00768208 0.0850036 0.906576 
303575: 539539 3.09974e-05 8.53665e-05 0.000380224 0.000824603 0.00287089 0.00860752 0.02863 0.0877497 0.243398 0.627423 
400435: 1.57034 1 0 0 0 0 0 0 0 0 0 
14981: 7.70802e+14 2.86761e-13 1.60682e-11 5.58487e-10 1.51448e-08 3.54477e-07 7.58889e-06 0.000152587 0.00292323 0.0536175 0.943299 
107171: 8.54197e+10 3.81575e-10 5.15774e-09 5.06804e-08 4.94165e-07 5.29973e-06 5.96535e-05 0.000676327 0.00760055 0.083837 0.907821 
346792: 3.26272e+11 9.62783e-10 1.77922e-08 3.82575e-07 5.51796e-06 6.41736e-05 0.000578336 0.00436446 0.0282378 0.159998 0.806751 
218221: 4.09403e+11 1.52011e-10 4.66794e-09 1.03528e-07 1.61943e-06 1.98568e-05 0.000205369 0.00186091 0.0152463 0.116663 0.866003 
295325: 4.22887e+06 1.56629e-05 1.70404e-05 4.04437e-05 0.000108538 0.000278191 0.000860556 0.00428055 0.0232304 0.142952 0.828217 
394583: 51.6868 1 0 0 0 0 0 0 0 0 0 
473389: 24.3077 1 0 0 0 0 0 0 0 0 0 
139030: 1.61453e+12 4.62682e-11 1.0646e-09 2.06444e-08 3.15301e-07 4.67726e-06 5.97224e-05 0.000733308 0.0083132 0.088941 0.901948 
120023: 6.54379e+09 1.85789e-09 1.60506e-08 1.02821e-07 8.22321e-07 6.27357e-06 5.60333e-05 0.00056887 0.00643121 0.076336 0.916601 
269317: 1.82324e+07 7.84126e-07 5.93739e-06 3.34429e-05 0.00013395 0.000558045 0.00235178 0.00961172 0.038404 0.161276 0.787624 
119682: 5.97664e+10 9.7221e-10 1.59859e-08 1.65048e-07 1.39922e-06 1.08162e-05 8.7731e-05 0.000812849 0.00831496 0.0873364 0.903436 
172312: 3.19688e+11 1.86152e-10 4.74066e-09 6.43368e-08 7.53502e-07 8.52708e-06 9.60949e-05 0.00103906 0.0105393 0.0997631 0.888553 
41948: 1.00468e+12 3.22283e-11 6.87885e-10 1.36774e-08 2.07281e-07 2.89539e-06 3.90859e-05 0.000504804 0.00633491 0.0770417 0.916076 
87607: 5.6499e+10 2.72095e-10 2.97346e-09 6.57535e-08 8.17208e-07 8.67e-06 8.50655e-05 0.000854877 0.0087754 0.0901931 0.900082 
311265: 0.33807 1 0 0 0 0 0 0 0 0 0 
166725: 2.77611e+09 3.981e-09 1.29276e-07 1.41873e-06 1.05835e-05 6.95089e-05 0.00042307 0.00254785 0.016356 0.114566 0.866025 
249505: 6.59666e+11 1.1204e-10 9.91242e-09 1.85333e-07 3.58826e-06 3.02468e-05 0.000300393 0.00244851 0.0189239 0.131602 0.846691 
276089: 3.2828e+07 1.80379e-06 1.34605e-05 7.14552e-05 0.000247164 0.000798329 0.0027692 0.0103977 0.0409798 0.169731 0.77499 
15653: 3.38976e+13 2.09606e-12 7.64011e-11 1.89415e-09 4.06729e-08 8.05263e-07 1.49554e-05 0.000259384 0.00421362 0.0643761 0.931135 
129883: 1.07982e+12 1.97509e-11 4.31693e-10 8.91433e-09 1.58877e-07 2.60459e-06 3.93322e-05 0.000551797 0.00703159 0.0827541 0.90962 
160627: 2.38994e+07 7.36344e-07 3.35429e-06 1.71002e-05 8.44426e-05 0.000394544 0.00171163 0.00734522 0.0332692 0.159957 0.797217 
288827: 10718.7 0.00298851 0.00499912 0.00461177 0.0164567 0.0300435 0.0547538 0.0907975 0.148678 0.246202 0.400469 
265024: 3.92397e+07 3.8065e-07 4.38443e-06 1.3239e-05 6.40674e-05 0.000296782 0.00138062 0.00662158 0.0308972 0.146591 0.814131 
315868: 3987.27 0.00375924 0.0147155 0.0545719 0.093464 0.151117 0.178232 0.175425 0.149967 0.107589 0.071159 
30407: 3.57673e+13 3.33336e-12 2.05938e-10 6.55756e-09 1.39759e-07 2.36364e-06 3.45545e-05 0.000465143 0.00595387 0.0744449 0.919099 
166389: 2.84401e+08 1.12684e-07 1.18801e-06 8.33845e-06 4.53669e-05 0.000205917 0.000969113 0.00460933 0.0233175 0.131215 0.839628 
277686: 2.8223e+06 4.44645e-06 5.36048e-05 0.000301626 0.00121058 0.00411273 0.0119524 0.0310457 0.0811559 0.223134 0.647029 
79371: 9.08424e+11 7.22088e-11 1.54479e-09 2.19232e-08 2.87936e-07 3.6508e-06 4.5805e-05 0.000563643 0.00679121 0.0797841 0.912811 
6033: 3.3064e+14 1.68851e-13 1.26451e-11 5.1083e-10 1.5397e-08 3.88496e-07 8.62014e-06 0.000173434 0.00323245 0.0566056 0.939979 
402014: 0.374402 1 0 0 0 0 0 0 0 0 0 
14214: 5.18782e+14 1.78864e-13 1.02245e-11 3.65656e-10 9.73777e-09 2.28809e-07 5.17101e-06 0.000114285 0.00243639 0.0494411 0.948003 
213483: 4.49361e+08 3.6653e-08 2.97341e-07 1.25077e-06 6.36649e-06 3.15048e-05 0.000175968 0.00127667 0.0113994 0.103856 0.883252 
51990: 1.57101e+12 2.52952e-10 5.38723e-09 4.75135e-08 4.89012e-07 7.96902e-06 8.95104e-05 0.00110229 0.0109885 0.104189 0.883622 
11597: 4.6287e+13 1.27534e-12 3.55522e-11 8.33223e-10 1.76068e-08 3.65973e-07 7.45543e-06 0.000148919 0.0028836 0.0534487 0.943511 
251146: 9.14883e+06 1.98173e-06 1.57239e-05 7.23813e-05 0.000276489 0.00109345 0.00420123 0.0149776 0.0529978 0.190443 0.735921 
265361: 9.07225e+09 7.90716e-09 2.56653e-07 3.2534e-06 2.90584e-05 0.000208941 0.00128263 0.00700576 0.0352507 0.168427 0.787793 
139461: 6.68356e+09 1.58491e-09 1.0908e-08 8.20738e-08 8.10344e-07 7.03138e-06 6.41e-05 0.000662496 0.00742333 0.0835645 0.908278 
71307: 2.76646e+11 6.21383e-11 1.55582e-09 2.15672e-08 2.74336e-07 3.38705e-06 4.18174e-05 0.000524379 0.00651923 0.0787603 0.914151 
364033: 6279.88 0.00454344 0.0512268 0.0185731 0.116132 0.138136 0.325403 0.171299 0.146175 0.0278877 0.000623155 
126227: 2.16358e+09 4.27731e-09 4.5447e-08 2.58396e-07 1.93802e-06 1.34546e-05 0.000103816 0.000885423 0.0084534 0.0857983 0.904743 
190075: 9.45721e+07 9.94248e-08 6.92087e-07 3.53506e-06 2.1133e-05 0.000118214 0.000607109 0.0032141 0.0184224 0.119035 0.858578 
290435: 1.14499e+06 2.07277e-05 0.00016914 0.000664148 0.00107205 0.00235977 0.00544897 0.0141826 0.0452781 0.175864 0.754941 
28385: 2.96396e+09 3.67134e-09 4.15917e-09 7.58042e-08 1.02562e-06 1.085e-05 0.000105584 0.000986376 0.00927768 0.0900224 0.899596 
165934: 5.46912e+08 3.71576e-08 4.80877e-07 2.85373e-06 1.8176e-05 9.31509e-05 0.000493076 0.00283898 0.0179999 0.119915 0.858638 
292162: 2.82969e+09 2.30635e-08 1.27087e-07 1.21072e-06 1.37947e-05 0.000129995 0.00100031 0.00646348 0.0359785 0.176571 0.779841 
214214: 6.90228e+07 2.89724e-07 1.25714e-06 6.43401e-06 3.55556e-05 0.000180906 0.000983692 0.00534908 0.0289355 0.15339 0.811117 
21978: 2.31778e+13 7.67956e-12 1.34171e-10 2.56049e-09 4.50337e-08 7.66467e-07 1.2846e-05 0.000215616 0.00359421 0.0589292 0.937247 
308001: 4.1702e+06 1.07286e-05 2.88193e-05 8.19451e-05 0.000216725 0.000652236 0.00232398 0.00913711 0.039408 0.173522 0.774619 
58228: 33916.7 1.15685e-05 2.35322e-05 1.64881e-05 0.000358116 0.00227146 0.0118274 0.0453057 0.125836 0.27994 0.534409 
212459: 5.23467e+07 8.33961e-07 6.53279e-06 2.74077e-05 0.000121663 0.000528712 0.00227769 0.00969618 0.0412758 0.17701 0.769055 
27683: 1.42377e+11 4.5091e-11 1.22784e-09 2.46221e-08 3.75308e-07 4.88385e-06 5.6362e-05 0.000618922 0.00686736 0.0785196 0.913932 
290401: 298824 0.000213751 0.000194525 0.000776518 0.0018107 0.00431925 0.0118125 0.0321616 0.084211 0.225131 0.639369 
100570: 1.82653e+09 4.48625e-09 1.59021e-08 1.45849e-07 1.52895e-06 1.42908e-05 0.000123615 0.00102767 0.00922388 0.089223 0.900386 
352308: 5.58505e+06 7.06057e-06 9.49981e-05 0.000901479 0.00446543 0.0143236 0.0380863 0.0840186 0.159531 0.274069 0.424502 
28807: 6.66763e+11 5.83533e-11 5.6626e-10 1.03418e-08 2.0262e-07 3.39619e-06 4.73794e-05 0.000593836 0.00688139 0.0791963 0.913278 
241266: 1.66032e+08 2.67523e-07 2.27533e-06 1.26413e-05 6.36804e-05 0.000296802 0.00142806 0.00689903 0.0328892 0.157609 0.800799 
255626: 2.07654 1 0 0 0 0 0 0 0 0 0 
338280: 71307.4 0.000269195 0.00056319 0.00146749 0.00300101 0.00658514 0.0151811 0.0356732 0.0910755 0.234034 0.61215 
87042: 1.28384e+12 2.43402e-11 9.29802e-10 2.16108e-08 3.60402e-07 5.04614e-06 6.28693e-05 0.000729916 0.00802147 0.0859498 0.90523 
127893: 2.22767e+11 7.86142e-11 2.81074e-09 5.8855e-08 9.41831e-07 1.19646e-05 0.000128662 0.00125067 0.0114058 0.101268 0.885934 
75455: 2.3869e+12 1.87433e-11 4.19602e-10 9.55243e-09 1.71851e-07 2.68263e-06 3.85225e-05 0.00051699 0.00654891 0.0790297 0.913863 
172: 1.88983e+12 3.16771e-12 4.39762e-11 1.23194e-09 2.49686e-08 4.8304e-07 9.01694e-06 0.000164344 0.00297185 0.0531759 0.943678 
58634: 1.49461e+12 4.63014e-11 1.31348e-09 2.39041e-08 3.45786e-07 4.46018e-06 5.4495e-05 0.000643577 0.00743547 0.0833434 0.908518 
348082: 3.56839e+08 1.33363e-07 1.64484e-06 1.35599e-05 8.21667e-05 0.000315695 0.00122974 0.00510049 0.0256858 0.146573 0.820998 
186527: 1.71196e+10 2.4248e-10 9.30056e-09 1.68064e-07 2.33958e-06 2.49316e-05 0.000225026 0.00185815 0.0147105 0.113767 0.869411 
385618: 17.1228 1 0 0 0 0 0 0 0 0 0 
41401: 2.90732e+13 9.93254e-13 2.57962e-11 8.25656e-10 2.23505e-08 5.28291e-07 1.11545e-05 0.000212669 0.00373169 0.0609213 0.935123 
116168: 1.40587e+10 3.34882e-09 1.84872e-08 1.1138e-07 8.37331e-07 7.30821e-06 7.21008e-05 0.00077439 0.00847414 0.0894436 0.901227 
298262: 313855 6.86647e-05 0.000510955 0.00247159 0.00699865 0.0160893 0.0325288 0.0637896 0.123025 0.24581 0.508708 
81530: 6.49109e+12 5.27719e-11 1.05278e-09 1.69765e-08 2.31444e-07 3.20198e-06 4.22007e-05 0.000542411 0.00666947 0.0793465 0.913396 
199709: 2.09549e+11 1.27654e-10 2.69175e-09 4.51501e-08 6.96134e-07 9.09872e-06 0.000105616 0.00111503 0.0109606 0.101016 0.886793 
54039: 8.17233e+11 4.4735e-11 5.93137e-10 7.71642e-09 1.05273e-07 1.44375e-06 2.07359e-05 0.000307735 0.00458219 0.0665021 0.928586 
204548: 6.16607e+09 6.46005e-09 8.94155e-08 9.80177e-07 9.04572e-06 7.20281e-05 0.000513194 0.00342309 0.0216298 0.134314 0.840037 
329017: 13.9863 1 0 0 0 0 0 0 0 0 0 
166945: 3.56845e+10 1.18514e-09 2.6849e-08 3.28501e-07 3.26787e-06 2.76996e-05 0.00021778 0.00168274 0.0131423 0.106392 0.878534 
110612: 1.24206 1 0 0 0 0 0 0 0 0 0 
1: 4.25948e+14 1.46875e-14 4.25103e-13 3.18154e-08 4.4725e-07 1.18631e-06 2.96315e-06 5.24998e-05 0.00150373 0.0397003 0.958739 
319557: 1.37309e+07 1.39548e-06 3.5826e-06 6.05685e-06 3.07244e-05 0.000187144 0.00123008 0.00748609 0.039807 0.18498 0.766268 
204880: 3.46533e+09 7.37092e-09 2.53476e-08 2.79774e-07 3.02918e-06 2.71428e-05 0.000219669 0.00174171 0.0138365 0.110182 0.87399 
313866: 18318.1 0.000533663 0.000518916 0.000970003 0.00399019 0.0055238 0.0158045 0.0384117 0.0989935 0.255043 0.580211 
4152: 3.61679e+15 4.49894e-14 2.94509e-12 1.31558e-10 5.06112e-09 1.63564e-07 4.5144e-06 0.000109749 0.00241993 0.0493933 0.948072 
124172: 1.9927e+09 2.75014e-09 1.30732e-08 1.46417e-07 1.9386e-06 1.69474e-05 0.000149336 0.00129197 0.0112959 0.0995292 0.887715 
82585: 1.38303e+12 2.5667e-11 7.41253e-10 1.10698e-08 1.57681e-07 2.20681e-06 3.11397e-05 0.000433089 0.00580642 0.0746319 0.919095 
164466: 4.71915e+10 3.48227e-10 3.40571e-09 4.88724e-08 5.24466e-07 6.49365e-06 7.72393e-05 0.000865015 0.00918219 0.0927707 0.897098 
5825: 1.49664e+13 1.03867e-12 3.11597e-11 8.13546e-10 2.49495e-08 5.97282e-07 1.20734e-05 0.000216122 0.00364208 0.0587137 0.937415 
314190: 410472 6.51699e-05 0.00028321 0.000601177 0.00167356 0.00455923 0.0114506 0.0289578 0.0783332 0.223026 0.65105 
192336: 0.0538195 1 0 0 0 0 0 0 0 0 0 
264181: 4.66037 1 0 0 0 0 0 0 0 0 0 
386557: 2.84379 1 0 0 0 0 0 0 0 0 0 
84146: 1.3422e+08 2.18113e-08 7.89058e-08 8.29709e-07 5.22123e-06 2.49456e-05 0.000127834 0.000913333 0.00910196 0.0911208 0.898705 
190487: 2.03557e+09 1.48484e-08 2.0564e-07 1.60345e-06 9.77877e-06 5.51764e-05 0.000331976 0.00214583 0.0151359 0.112447 0.869873 
138710: 2.53022e+11 2.38064e-10 7.51256e-09 9.70453e-08 1.08598e-06 1.15545e-05 0.000112489 0.00112751 0.0107111 0.0996228 0.888413 
28408: 1.15938e+14 4.50719e-13 1.78828e-11 6.34705e-10 1.83209e-08 4.52499e-07 9.79941e-06 0.000192696 0.00348787 0.0589247 0.937384 
379166: 2056.06 0.00770434 0.0262139 0.0232838 0.0353893 0.0377988 0.0475366 0.0949851 0.171419 0.258366 0.297304 
36498: 1.90541e+13 1.93232e-12 7.28245e-11 1.84701e-09 4.25454e-08 8.64206e-07 1.59943e-05 0.000273917 0.00437551 0.0656208 0.929713 
114787: 1.08337e+12 8.96026e-11 4.38971e-09 9.04917e-08 1.27858e-06 1.49564e-05 0.00015862 0.00148334 0.0132071 0.110252 0.874882 
240841: 1.4147e+10 3.22846e-09 6.35075e-08 9.47456e-07 1.00229e-05 8.4124e-05 0.000609822 0.00397944 0.0240668 0.140596 0.830653 
148047: 1.55477e+11 4.2924e-10 6.92439e-09 8.36107e-08 8.7123e-07 9.29257e-06 9.62809e-05 0.000970362 0.00957343 0.0932026 0.896147 
140649: 2.28686e+11 1.40699e-10 4.24598e-09 8.54483e-08 1.27825e-06 1.5262e-05 0.000156167 0.00144013 0.0124707 0.105024 0.880892 
155490: 9.36354e+11 5.26254e-11 1.36827e-09 2.83e-08 4.57484e-07 6.00866e-06 7.18819e-05 0.000802512 0.00865403 0.0897767 0.900688 
113139: 1.09653e+12 6.37973e-11 1.57017e-09 3.20964e-08 5.25508e-07 7.19741e-06 8.61148e-05 0.000939401 0.00963015 0.0944252 0.894911 
334727: 190176 0.000266686 0.000906487 0.00244439 0.0044578 0.00917008 0.0171348 0.0339318 0.0810884 0.223808 0.626792 
27273: 4.09851e+10 4.43133e-10 8.51166e-09 1.00393e-07 1.11217e-06 1.12036e-05 0.000105482 0.000963476 0.00888834 0.0863257 0.903705 
273744: 1.00142e+09 3.38494e-08 3.75927e-07 3.07171e-06 2.19371e-05 0.000149146 0.000919513 0.00530051 0.0291017 0.15492 0.809583 
231069: 3.96953e+10 4.92417e-10 5.72058e-09 6.93129e-08 9.25018e-07 1.15024e-05 0.000144824 0.00149412 0.0140282 0.114066 0.870254 
361134: 88.6557 1 0 0 0 0 0 0 0 0 0 
393199: 24.7996 0.406134 0.377037 0.216829 0 0 0 0 0 0 0 
38842: 8.61052e+13 1.07877e-12 3.02277e-11 7.82372e-10 1.93743e-08 4.44936e-07 9.35672e-06 0.000181023 0.00327778 0.0565648 0.939967 
318743: 1.98307 1 0 0 0 0 0 0 0 0 0 
165401: 6.91658e+08 6.86092e-09 1.2581e-08 1.70921e-07 1.17296e-06 1.19086e-05 0.00013074 0.00135449 0.0127945 0.110123 0.875584 
141274: 1.24093e+11 3.14185e-10 7.83598e-09 1.03377e-07 1.18585e-06 1.20693e-05 0.000116177 0.00108838 0.0101359 0.0948412 0.893805 
202960: 1.25522e+09 3.46495e-08 3.45189e-07 2.97471e-06 2.65026e-05 0.000198866 0.00126279 0.00706152 0.0359612 0.171497 0.783989 
293540: 3.76313e+06 7.13523e-06 3.49417e-05 0.000146028 0.000506105 0.0015483 0.00471098 0.0156362 0.0543616 0.196645 0.726404 
175633: 8.67712e+09 2.71579e-09 4.14962e-08 4.48602e-07 4.13094e-06 3.18696e-05 0.000233425 0.00169768 0.0130381 0.104928 0.880067 
187823: 2.54628e+07 4.30778e-07 4.86604e-06 3.40004e-05 0.00016662 0.000732055 0.00281541 0.0101569 0.0381273 0.161728 0.786235 
389324: 19.1067 0.578235 0.0716105 0.0126255 0.031311 0.0770852 0.108667 0.058654 0.0379541 0.0181416 0.00571582 
400731: 3538.75 0.00687762 0.0495949 0.0496418 0.048834 0.0702329 0.0942855 0.108568 0.132975 0.186221 0.252769 
65119: 2.69752e+12 5.42451e-11 2.51166e-09 6.13047e-08 9.39922e-07 1.10593e-05 0.000110057 0.00103897 0.00964224 0.0922103 0.896986 
367456: 493.868 0.0298103 0.0557738 0.0293105 0.0350171 0.0674835 0.0706635 0.102699 0.154848 0.209846 0.244549 
243044: 1.13791e+07 8.54383e-07 3.72214e-06 1.90952e-05 6.28512e-05 0.000245812 0.00135923 0.00786857 0.0409263 0.187342 0.762172 
400651: 23.2051 0.232207 0.262814 0.274838 0.159807 0.0583864 0.0112239 0.000717855 5.53977e-06 0 0 
354757: 6.85597e+09 7.09573e-09 4.12431e-07 7.60971e-07 5.55414e-06 7.17918e-05 0.000430213 0.00330264 0.0224315 0.144016 0.829741 
96080: 2.01769e+11 2.2725e-10 3.82079e-09 4.65961e-08 5.22124e-07 6.02372e-06 6.74234e-05 0.000731361 0.00784527 0.0843471 0.907002 
282131: 2.49294e+06 4.94574e-06 1.18048e-05 7.06259e-05 0.000276542 0.00126275 0.00549416 0.0206408 0.0680174 0.205761 0.69846 
104277: 2.04949e+12 2.5633e-11 5.04208e-10 1.04446e-08 1.87894e-07 2.9713e-06 4.23057e-05 0.000557176 0.00690288 0.081161 0.911333 
54142: 1.62359e+12 4.52812e-11 1.20251e-09 1.91315e-08 2.54083e-07 3.28548e-06 4.24514e-05 0.000538504 0.00662411 0.0789549 0.913836 
89900: 75.389 0.0136821 0.0262049 0.00302063 0.00775658 0.0158565 0.0292998 0.0667596 0.143092 0.26607 0.428257 
365875: 3.77444 1 0 0 0 0 0 0 0 0 0 
189687: 3.1563e+08 5.48983e-08 3.06386e-07 2.24265e-06 1.61772e-05 0.000103902 0.000652941 0.00409188 0.0249891 0.146433 0.823711 
219115: 2.55762e+09 1.38273e-08 1.36422e-07 1.19556e-06 8.59325e-06 5.88442e-05 0.000398415 0.00270712 0.0186793 0.126006 0.85214 
53389: 5.77851e+13 1.11361e-12 5.19198e-11 1.74814e-09 4.52829e-08 9.81667e-07 1.84222e-05 0.000310099 0.00477226 0.0684577 0.92644 
319511: 3.44738e+06 3.08322e-06 1.2173e-05 5.27393e-05 0.000134985 0.000494799 0.0022635 0.0109407 0.0495084 0.200747 0.735843 
406262: 21.0482 0.53951 0.46049 0 0 0 0 0 0 0 0 
214478: 2.05663e+08 1.58656e-07 1.56078e-06 1.06583e-05 5.64209e-05 0.00026043 0.00117639 0.00535381 0.0255455 0.137265 0.83033 
380322: 134590 0.000651757 0.00224067 0.001492 0.00201125 0.00404619 0.00865589 0.0217441 0.0635216 0.210657 0.684979 
203616: 2.57026e+11 1.91857e-10 7.03569e-09 1.37788e-07 1.9244e-06 2.15389e-05 0.000206734 0.00178523 0.0144292 0.112647 0.870908 
290395: 3846.98 0.00351229 0.00822248 0.0181176 0.035241 0.0453212 0.0436108 0.0549464 0.0955033 0.213383 0.482142 
382311: 1.21504 1 0 0 0 0 0 0 0 0 0 
13427: 3.58537e+13 6.10028e-12 2.31231e-10 6.01823e-09 1.13206e-07 1.83352e-06 2.58725e-05 0.00035013 0.00469618 0.065009 0.929917 
308816: 6.49673e+07 5.56589e-07 3.44044e-06 1.93011e-05 8.73318e-05 0.000379238 0.00177283 0.00854437 0.0400444 0.179471 0.769678 
154193: 1.16842e+10 1.13537e-09 5.18938e-09 5.27334e-08 5.66511e-07 6.66971e-06 7.89856e-05 0.000874832 0.00904548 0.0903803 0.899613 
96524: 2.26006e+12 4.10013e-11 1.45109e-09 2.54641e-08 3.30441e-07 3.81982e-06 4.33042e-05 0.000512221 0.00626572 0.0767336 0.916441 
396804: 338.171 0.0671894 0.194769 0.128595 0.194889 0.212567 0.107761 0.0645999 0.0230241 0.0064783 0.000126919 
288795: 1.76547e+07 6.78575e-06 3.69219e-05 0.000134675 0.000488957 0.00158706 0.00480276 0.0151831 0.0541911 0.202404 0.721164 
275850: 2.91346e+07 5.80796e-07 1.94627e-06 6.85151e-06 5.41953e-05 0.00030004 0.00135858 0.00525092 0.0200683 0.109423 0.863536 
106430: 2.84386e+10 3.54308e-10 9.28184e-10 9.32954e-09 1.17666e-07 1.95497e-06 3.2415e-05 0.000480015 0.00638611 0.0785739 0.914525 
