begin to read Graph...
n = 654628
m = 1990259
readGraph Over...
begin to init vec....
init vec Over...
start analyzing...
totoal time: 2.53045s
end analyzing...
499684: 0.218264 1 0 0 0 0 0 0 0 0 0 
46653: 1.232e+06 5.80679e-07 7.00335e-06 3.06888e-05 0.000105538 0.000359807 0.00145703 0.00707342 0.0362983 0.176642 0.778026 
591534: 0.786572 1 0 0 0 0 0 0 0 0 0 
17615: 2.2257e+07 1.64969e-06 9.89761e-06 3.57138e-05 0.000134751 0.000577314 0.0027618 0.0129379 0.0549111 0.208246 0.720384 
154829: 4.73553 0.545653 0.348641 0.0950542 0.010652 0 0 0 0 0 0 
419607: 33.6394 0.114153 0.328938 0.306739 0.169384 0.0653287 0.0140294 0.00138074 4.64216e-05 0 0 
293122: 0.853622 1 0 0 0 0 0 0 0 0 0 
79434: 63.5301 0.170284 0.304068 0.267578 0.170955 0.0675683 0.0170908 0.00235995 9.65959e-05 0 0 
48235: 6224.28 0.00218236 0.00798136 0.0133327 0.0181184 0.0231654 0.0258921 0.0292636 0.0459836 0.144529 0.689551 
347786: 1.13599 0.638568 0.315844 0.0455876 0 0 0 0 0 0 0 
606461: 0.912624 1 0 0 0 0 0 0 0 0 0 
506906: 1.67287 0.650028 0.349972 0 0 0 0 0 0 0 0 
329653: 1.54184 0.629006 0.370994 0 0 0 0 0 0 0 0 
570975: 0.0199589 1 0 0 0 0 0 0 0 0 0 
392438: 3.20978 0.521386 0.258153 0.210692 0.00976905 0 0 0 0 0 0 
170108: 281520 1.64465e-05 4.80333e-05 0.000121 0.000254983 0.000708467 0.00318363 0.0150618 0.0616507 0.218902 0.700053 
606402: 0.106313 1 0 0 0 0 0 0 0 0 0 
105150: 5.18641 0.382437 0.600701 0.0166737 0.000188761 0 0 0 0 0 0 
213586: 5.26183 0.727737 0.256538 0.0157244 0 0 0 0 0 0 0 
130598: 0.0763613 1 0 0 0 0 0 0 0 0 0 
607000: 0.667398 1 0 0 0 0 0 0 0 0 0 
220264: 1.21809 0.608978 0.391022 0 0 0 0 0 0 0 0 
341148: 4.00505 0.687903 0.251578 0.0605196 0 0 0 0 0 0 0 
206912: 24.5097 0.209558 0.353643 0.271489 0.126438 0.0347646 0.00399446 0.000114257 0 0 0 
60664: 17059.5 0.000195975 0.000751928 0.00208644 0.00415446 0.0090791 0.0234839 0.0561354 0.119144 0.24716 0.537809 
584298: 28.0794 0.146763 0.261888 0.281468 0.196918 0.0894705 0.021413 0.00203443 4.51817e-05 0 0 
419458: 0.343365 1 0 0 0 0 0 0 0 0 0 
183103: 0.0165524 1 0 0 0 0 0 0 0 0 0 
437300: 1.53021 0.730175 0.257865 0.0119604 0 0 0 0 0 0 0 
97038: 0.177038 1 0 0 0 0 0 0 0 0 0 
297127: 4.22397 0.779679 0.220321 0 0 0 0 0 0 0 0 
35054: 313.399 0.00338424 0.0176371 0.0488801 0.0637989 0.0753373 0.0781213 0.0747453 0.0874959 0.158717 0.391883 
303246: 0.141497 1 0 0 0 0 0 0 0 0 0 
76961: 5936.6 0.000295714 0.000195697 0.000260456 0.000815181 0.00143998 0.00442306 0.0195105 0.0755773 0.242509 0.654973 
480530: 19.1101 0.304836 0.288205 0.179923 0.11606 0.0708328 0.030999 0.00817365 0.00097076 0 0 
469097: 1.20219 0.300845 0.0704665 0.231836 0.365886 0.0293304 0.00163626 0 0 0 0 
224263: 319.859 0.0205312 0.100928 0.135869 0.16736 0.177805 0.163525 0.120698 0.069922 0.0319155 0.0114458 
109392: 0.864949 1 0 0 0 0 0 0 0 0 0 
113496: 14176.9 0.000313085 0.000370212 0.000195334 0.000176606 0.00104336 0.00514498 0.0207076 0.0745686 0.238121 0.659359 
435130: 1.43368 0.909986 0.0900138 0 0 0 0 0 0 0 0 
558492: 0.485541 1 0 0 0 0 0 0 0 0 0 
440058: 0.315586 1 0 0 0 0 0 0 0 0 0 
141003: 75.7728 0.0263849 0.0178995 0.0436704 0.0768734 0.103365 0.137104 0.170558 0.180057 0.153074 0.0910135 
275957: 3.23214 0.446675 0.478933 0.0718239 0.00256817 0 0 0 0 0 0 
11607: 4.57573e+07 3.03764e-07 3.01232e-06 1.48587e-05 5.95753e-05 0.00022872 0.000910187 0.00427645 0.0236917 0.141154 0.829661 
545809: 3.76505 0.819054 0.180946 0 0 0 0 0 0 0 0 
195448: 9.42017 0.0863428 0.193392 0.285825 0.157876 0.109315 0.0954928 0.0547744 0.0135325 0.0032751 0.0001739 
360489: 2.1011 0.854363 0.145637 0 0 0 0 0 0 0 0 
7151: 9.4617e+07 1.58482e-08 4.05428e-07 4.21529e-06 2.68472e-05 0.000142417 0.000736656 0.00396929 0.0226848 0.136463 0.835972 
563911: 0.773372 0.81991 0.18009 0 0 0 0 0 0 0 0 
145281: 3.55204 0.149483 0.105241 0.355578 0.239881 0.129811 0.0200063 0 0 0 0 
188936: 15.7789 0.288899 0.394596 0.116081 0.108575 0.0705117 0.0213365 0 0 0 0 
93104: 3.34224 0.601808 0.28794 0.0823701 0.0278818 0 0 0 0 0 0 
68101: 2944.4 0.00367425 0.0143261 0.0243854 0.0250831 0.0259105 0.0359556 0.0611341 0.108849 0.217398 0.483284 
272732: 1232.09 0.00613337 0.0105596 0.0113358 0.0183704 0.027561 0.03468 0.0563675 0.11296 0.245731 0.476302 
517034: 0.753296 1 0 0 0 0 0 0 0 0 0 
222474: 1.49585 0.616905 0.382186 0.000908636 0 0 0 0 0 0 0 
277862: 4.37908 0.379723 0.242095 0.16887 0.169559 0.0362628 0.00349031 0 0 0 0 
604449: 0.239813 0.650927 0.349073 0 0 0 0 0 0 0 0 
524277: 5.68277 0.448086 0.435513 0.110154 0.00624696 0 0 0 0 0 0 
293576: 0.542134 1 0 0 0 0 0 0 0 0 0 
82675: 19725.9 0.00097529 0.00533233 0.0158194 0.0329243 0.0580888 0.0934099 0.140243 0.190623 0.227862 0.234721 
405227: 0.25362 1 0 0 0 0 0 0 0 0 0 
501507: 1.95592 0.498983 0.364151 0.131953 0.0049135 0 0 0 0 0 0 
76865: 19.8898 0.117832 0.180154 0.175289 0.136881 0.154484 0.104107 0.0598415 0.0343055 0.0230435 0.0140627 
220275: 0.316809 1 0 0 0 0 0 0 0 0 0 
467259: 0.414149 1 0 0 0 0 0 0 0 0 0 
647895: 0.142044 1 0 0 0 0 0 0 0 0 0 
219336: 2.04802 0.658699 0.341301 0 0 0 0 0 0 0 0 
455312: 0.685056 1 0 0 0 0 0 0 0 0 0 
226818: 37.2398 0.0321116 0.257126 0.31283 0.214947 0.095963 0.0554736 0.0253262 0.00553712 0.000665244 2.11551e-05 
156379: 0.577083 1 0 0 0 0 0 0 0 0 0 
284816: 0.988057 1 0 0 0 0 0 0 0 0 0 
299619: 0.216892 1 0 0 0 0 0 0 0 0 0 
145724: 3.64567 0.749377 0.250623 0 0 0 0 0 0 0 0 
198076: 1.85191 0.456268 0.300349 0.227487 0.0158959 0 0 0 0 0 0 
249937: 0.89518 0.962367 0.0376333 0 0 0 0 0 0 0 0 
25662: 51385 0.000180805 0.000350042 0.000542361 0.00111093 0.00334896 0.00970914 0.0281721 0.0801183 0.226969 0.649498 
424097: 0.562615 1 0 0 0 0 0 0 0 0 0 
329: 1.36272e+08 1.25485e-07 5.16321e-07 2.83144e-06 1.71723e-05 9.39011e-05 0.000495386 0.00290872 0.0193011 0.131363 0.845817 
115915: 1100.92 0.000774546 0.00153216 0.00298944 0.00566544 0.00967721 0.0237793 0.0584705 0.130154 0.263712 0.503245 
381967: 0.0405307 1 0 0 0 0 0 0 0 0 0 
321026: 0.789148 0.976312 0.0236882 0 0 0 0 0 0 0 0 
226239: 0.0145782 1 0 0 0 0 0 0 0 0 0 
213419: 0.639974 1 0 0 0 0 0 0 0 0 0 
235759: 9.56469 0.307334 0.494467 0.176409 0.0217902 0 0 0 0 0 0 
143990: 9939.13 0.00178779 0.00415806 0.00826712 0.0153956 0.0309467 0.0650226 0.121645 0.191684 0.25754 0.303554 
307631: 2.66549 0.44249 0.278335 0.210913 0.0678511 0.000410313 0 0 0 0 0 
405129: 0.711802 1 0 0 0 0 0 0 0 0 0 
565087: 0.290388 1 0 0 0 0 0 0 0 0 0 
342088: 8.57937 0.368471 0.377611 0.199793 0.0498 0.00432494 0 0 0 0 0 
560233: 5.69923 0.463449 0.344503 0.161424 0.0306243 0 0 0 0 0 0 
72558: 0.749794 1 0 0 0 0 0 0 0 0 0 
28504: 1.03184 0.386651 0.599764 0.0135846 0 0 0 0 0 0 0 
333010: 0.0805237 1 0 0 0 0 0 0 0 0 0 
133659: 448471 3.51691e-05 0.000119494 0.00043229 0.0014325 0.00454774 0.0133058 0.0362084 0.0932213 0.235331 0.615366 
384566: 31.9972 0.105116 0.121744 0.15744 0.222461 0.219601 0.126556 0.0398987 0.00670049 0.000480074 1.91654e-06 
562743: 0.0425854 1 0 0 0 0 0 0 0 0 0 
139273: 1.72706 1 0 0 0 0 0 0 0 0 0 
155789: 0.565341 0.519193 0.436259 0.0435771 0.000762756 0.000207678 0 0 0 0 0 
654569: 0.370916 1 0 0 0 0 0 0 0 0 0 
433831: 0.987895 1 0 0 0 0 0 0 0 0 0 
335114: 47.6921 0.0792821 0.129628 0.15025 0.165698 0.166601 0.139901 0.09418 0.0498298 0.0195251 0.00510447 
249920: 3.15703 0.475724 0.351667 0.156762 0.015846 0 0 0 0 0 0 
53235: 4.18729 0.444406 0.424398 0.117207 0.013988 0 0 0 0 0 0 
414316: 0.414455 1 0 0 0 0 0 0 0 0 0 
3885: 2.3639 0.120988 0.0942969 0.0643087 0.0571767 0.13113 0.154343 0.129362 0.0873679 0.0757736 0.0852539 
316068: 0.939452 0.973862 0.026138 0 0 0 0 0 0 0 0 
195061: 0.924438 1 0 0 0 0 0 0 0 0 0 
232088: 0.0924345 0.730607 0.269393 0 0 0 0 0 0 0 0 
410159: 0.839613 0.706339 0.293661 0 0 0 0 0 0 0 0 
374587: 0.865115 1 0 0 0 0 0 0 0 0 0 
584412: 0.699906 0.508843 0.491157 0 0 0 0 0 0 0 0 
584819: 1.22758 0.634304 0.365696 0 0 0 0 0 0 0 0 
361404: 4.35911 0.49788 0.155323 0.138367 0.0438295 0.0575343 0.0573862 0.0334016 0.0124398 0.00319779 0.000640009 
396247: 0.550025 1 0 0 0 0 0 0 0 0 0 
318716: 1.1462 0.68389 0.31611 0 0 0 0 0 0 0 0 
629403: 0.222177 0.975194 0.024806 0 0 0 0 0 0 0 0 
492759: 3.48341 0.766458 0.199186 0.0343561 0 0 0 0 0 0 0 
187208: 63.6144 0.0524414 0.220308 0.272716 0.204555 0.11695 0.0574619 0.0266104 0.016729 0.0164952 0.0157336 
60656: 1.00716 0.858703 0.141297 0 0 0 0 0 0 0 0 
468100: 3.14465 0.731634 0.240984 0.026637 0.000745828 0 0 0 0 0 0 
99094: 1216.56 0.00172173 0.0042871 0.0188844 0.0441959 0.0732931 0.116806 0.167338 0.202413 0.202717 0.168344 
21766: 1.27892e+06 1.72256e-06 1.82909e-05 5.43534e-05 9.75773e-05 0.000192171 0.000720156 0.00455253 0.0294262 0.165734 0.799203 
68059: 1.04097e+06 1.41528e-06 1.459e-05 5.03825e-05 0.000125729 0.000310985 0.000903186 0.00409868 0.0253528 0.153649 0.815493 
108029: 20381.3 0.000129521 0.00060832 0.00111681 0.00163036 0.00210808 0.00272196 0.00599121 0.0267995 0.149292 0.809603 
301103: 0.142088 1 0 0 0 0 0 0 0 0 0 
240801: 1.53552 0.954501 0.0454992 0 0 0 0 0 0 0 0 
272395: 5.33909 0.553161 0.304985 0.104217 0.0217632 0.00450466 0.00616945 0.00432624 0.00081704 5.46478e-05 1.13303e-06 
142571: 2388.53 0.000194665 0.0024551 0.00342875 0.00376647 0.00328826 0.00443443 0.0158682 0.0648369 0.225821 0.675906 
297249: 1.31312 0.940202 0.0597975 0 0 0 0 0 0 0 0 
427043: 0.948964 1 0 0 0 0 0 0 0 0 0 
220796: 3.4321 0.287028 0.0101786 0.0574572 0.116641 0.130747 0.0993017 0.0750086 0.0596627 0.0681412 0.0958338 
549929: 3.03199 0.794357 0.205643 0 0 0 0 0 0 0 0 
63245: 6671.24 0.00154772 0.00417599 0.0103433 0.0185794 0.0328298 0.0562341 0.094861 0.151668 0.237431 0.39233 
573188: 2.3486 0.723258 0.268059 0.00868325 0 0 0 0 0 0 0 
102232: 1416.17 0.000964599 0.00329968 0.0057035 0.0211913 0.0434173 0.0764981 0.119139 0.171315 0.236157 0.322314 
347183: 0.946488 1 0 0 0 0 0 0 0 0 0 
240038: 0.364077 1 0 0 0 0 0 0 0 0 0 
430291: 2.3078 0.619094 0.286788 0.081342 0.0127755 0 0 0 0 0 0 
423925: 0.548838 1 0 0 0 0 0 0 0 0 0 
161083: 6.54505 0.522133 0.214248 0.173765 0.0786864 0.0111679 0 0 0 0 0 
365416: 0.376871 0.431983 0.463084 0.104933 0 0 0 0 0 0 0 
23462: 5256.2 0.000589662 0.00122806 0.00252529 0.00372448 0.00521349 0.00864444 0.017365 0.050741 0.190215 0.719754 
10681: 4060.29 0.000478594 0.00129738 0.00268002 0.00371199 0.00494817 0.00696085 0.0124784 0.0348712 0.156595 0.775978 
263813: 27.835 0.297056 0.364688 0.213584 0.0729822 0.0341936 0.0130035 0.00344888 0.000911786 0.00013148 0 
650216: 0.427933 1 0 0 0 0 0 0 0 0 0 
268788: 2.22677 0.620098 0.379902 0 0 0 0 0 0 0 0 
62143: 152.936 0.0033866 0.0404756 0.0334544 0.0531039 0.0833604 0.105385 0.127376 0.145107 0.175178 0.233174 
353476: 0.695495 1 0 0 0 0 0 0 0 0 0 
209645: 20.0531 0.15244 0.161339 0.314777 0.160582 0.108727 0.0876629 0.0142427 0.000228804 0 0 
451289: 0.756314 1 0 0 0 0 0 0 0 0 0 
2172: 793564 9.69825e-07 3.0307e-06 2.76355e-05 0.000181344 0.000926315 0.00393209 0.015001 0.0533402 0.188766 0.737822 
452935: 0.509425 0.870593 0.129407 0 0 0 0 0 0 0 0 
81852: 5.34608 0.570754 0.330976 0.0842899 0.0132435 0.000736419 0 0 0 0 0 
519123: 0.485764 1 0 0 0 0 0 0 0 0 0 
59306: 215260 1.76286e-05 0.000131242 0.000545299 0.00168822 0.00463798 0.0121453 0.0315604 0.0822251 0.220154 0.646895 
418652: 3.89204 0.76531 0.145963 0.0774578 0.0112685 0 0 0 0 0 0 
437811: 0.666697 1 0 0 0 0 0 0 0 0 0 
97385: 41.5345 0.14201 0.247919 0.233629 0.184918 0.116027 0.0535344 0.0172229 0.00396499 0.000694286 7.9618e-05 
141701: 89.6368 0.0404908 0.0864543 0.100408 0.142856 0.196822 0.200165 0.14028 0.0671406 0.0212559 0.00412813 
144959: 0.0936806 1 0 0 0 0 0 0 0 0 0 
18460: 7.39512e+06 2.10988e-06 5.33677e-06 1.83958e-05 5.529e-05 0.000164888 0.000612158 0.00347658 0.0233493 0.147762 0.824554 
82013: 3.71811e+08 1.35148e-07 1.42866e-06 1.05985e-05 6.64135e-05 0.000375774 0.00196243 0.00956793 0.0437707 0.18798 0.756265 
524970: 0.146177 1 0 0 0 0 0 0 0 0 0 
224270: 1.49338 0.88385 0.11615 0 0 0 0 0 0 0 0 
80836: 97370.2 5.26823e-05 0.000234282 0.000631542 0.0013248 0.00255109 0.00533843 0.0124552 0.0362684 0.150279 0.790865 
651601: 3.83847 0.10137 0.548997 0.292909 0.0545906 0.00213292 0 0 0 0 0 
213002: 0.277664 1 0 0 0 0 0 0 0 0 0 
29580: 805.044 0.0016917 0.00311149 0.00851538 0.0132097 0.01447 0.0267229 0.0649246 0.151944 0.286146 0.429264 
525964: 0.131124 1 0 0 0 0 0 0 0 0 0 
116658: 121.016 0.051434 0.0872732 0.123426 0.150774 0.159489 0.14866 0.11065 0.0792621 0.0544514 0.034581 
397113: 0.544147 0.983872 0.0161277 0 0 0 0 0 0 0 0 
6026: 3.75811e+06 1.05011e-06 1.36234e-05 7.25778e-05 0.000255188 0.000768107 0.00226899 0.00706422 0.0271574 0.138968 0.823431 
1947: 358340 4.39309e-05 8.13994e-05 0.000130842 0.0002175 0.000523921 0.00162724 0.00636286 0.0288004 0.146443 0.815769 
414529: 2.5616 0.696303 0.303697 0 0 0 0 0 0 0 0 
122548: 3599.8 0.000208925 0.00104099 0.00359726 0.00838969 0.0148811 0.0246518 0.0527237 0.12444 0.267817 0.502249 
419676: 0.910198 1 0 0 0 0 0 0 0 0 0 
535990: 0.29992 0.656392 0.343608 0 0 0 0 0 0 0 0 
256742: 0.94518 1 0 0 0 0 0 0 0 0 0 
160407: 0.393082 0.490823 0.46884 0.0317231 0.00861395 0 0 0 0 0 0 
150703: 43.5733 0.063806 0.154098 0.260624 0.262855 0.115379 0.0278477 0.0181567 0.0272846 0.03654 0.0334087 
341085: 0.596872 1 0 0 0 0 0 0 0 0 0 
506225: 10.1211 0.257857 0.395652 0.256025 0.0800597 0.0101017 0.000305259 0 0 0 0 
549113: 0.778276 1 0 0 0 0 0 0 0 0 0 
496646: 4.20194 0.357201 0.427918 0.191553 0.0224302 0.00089762 0 0 0 0 0 
384985: 0.359641 1 0 0 0 0 0 0 0 0 0 
178065: 23379.1 0.000197691 0.000371518 0.000794278 0.00201025 0.00566839 0.0164523 0.0451786 0.113717 0.261677 0.553933 
405418: 9.22162 0.257441 0.443153 0.236963 0.0587821 0.00336287 0.00029825 0 0 0 0 
272346: 0.755649 1 0 0 0 0 0 0 0 0 0 
75211: 1.84363 0.132318 0.335073 0.117212 0.0652517 0.100308 0.0655003 0.0474096 0.0354484 0.0413153 0.0601634 
141492: 6.99204 0.064211 0.099806 0.0367778 0.00468321 0.00573783 0.022505 0.0727253 0.155326 0.244519 0.293709 
407991: 1.4894 0.76803 0.23197 0 0 0 0 0 0 0 0 
149574: 64.582 0.187196 0.262939 0.255937 0.164654 0.0855074 0.0339283 0.00868696 0.00111087 4.11795e-05 0 
444749: 1.77337 0.453302 0.406312 0.107724 0.0326622 0 0 0 0 0 0 
643061: 0.394422 1 0 0 0 0 0 0 0 0 0 
526172: 0.8771 1 0 0 0 0 0 0 0 0 0 
240385: 0.910268 0.423778 0.474616 0.101605 0 0 0 0 0 0 0 
236986: 5.5218 0.439718 0.315765 0.0952439 0.0790812 0.0523019 0.0165561 0.00133392 0 0 0 
588585: 0.18629 1 0 0 0 0 0 0 0 0 0 
4184: 57929.9 3.34639e-05 6.96854e-05 0.000393801 0.00157276 0.00452341 0.0115352 0.030239 0.0820873 0.225787 0.643758 
608438: 0.0295356 1 0 0 0 0 0 0 0 0 0 
499530: 2.32271 0.27913 0.548716 0.160964 0.0110727 0.000117313 0 0 0 0 0 
79080: 22466.1 0.00041306 0.00158478 0.00522973 0.0099523 0.0145028 0.0207664 0.0351993 0.0804112 0.221087 0.610853 
3524: 57.8765 0.0286767 0.160839 0.158389 0.143388 0.13606 0.107636 0.0894712 0.0670356 0.0541799 0.0543247 
159275: 88.9198 0.0146101 0.051393 0.089943 0.139713 0.172923 0.177351 0.164432 0.116172 0.0556199 0.0178427 
272786: 2.31887 0.188101 0.329102 0.240745 0.159554 0.0640222 0.0170968 0.00135351 2.5273e-05 0 0 
539318: 0.198273 1 0 0 0 0 0 0 0 0 0 
484941: 1.25594 0.843525 0.156475 0 0 0 0 0 0 0 0 
146100: 8.63812 0.161235 0.156856 0.236547 0.263264 0.116365 0.048775 0.0125941 0.00435063 1.3866e-05 0 
100203: 3546.08 0.00123369 0.00429728 0.00885675 0.0114248 0.00894822 0.00526861 0.00591005 0.0246733 0.14262 0.786767 
83384: 59.8494 0.0306753 0.0966407 0.152206 0.215319 0.182154 0.144021 0.0913628 0.0514096 0.0256072 0.0106038 
530307: 0.485267 1 0 0 0 0 0 0 0 0 0 
129557: 366.191 0.00453847 0.00808715 0.0168 0.0301137 0.0501478 0.0843308 0.134573 0.189741 0.233053 0.248615 
481339: 26.511 0.00771217 0.0735563 0.169654 0.19717 0.186208 0.158868 0.109036 0.0584222 0.0274473 0.0119255 
270510: 22.3754 0.00887878 0.0374969 0.0757512 0.185441 0.258571 0.224747 0.13336 0.0561404 0.0166869 0.00292634 
316714: 2.63436 0.576348 0.334629 0.0890226 0 0 0 0 0 0 0 
13755: 1.57871e+08 3.68314e-08 5.6375e-07 4.9747e-06 4.15101e-05 0.000311775 0.00199128 0.0107896 0.0502144 0.203826 0.73282 
209929: 6.35403 0.676484 0.28319 0.0387959 0.00153044 0 0 0 0 0 0 
69052: 178086 5.25419e-06 7.84747e-06 6.42375e-05 0.000298811 0.000995329 0.00292751 0.0088455 0.0333464 0.157525 0.795985 
236276: 0.575675 1 0 0 0 0 0 0 0 0 0 
237162: 0.818417 1 0 0 0 0 0 0 0 0 0 
70210: 48.1321 0.0446539 0.0703636 0.0555533 0.0483933 0.0627476 0.0766728 0.124327 0.16585 0.183251 0.168188 
189965: 24318 3.82136e-05 8.58473e-05 0.000363053 0.00189447 0.00838569 0.0281049 0.0737199 0.158125 0.285732 0.443551 
64850: 1112.94 0.00132368 0.00280004 0.00389136 0.005578 0.00632067 0.0100324 0.0175787 0.0435856 0.168846 0.740043 
27912: 4.99017 0.133997 0.119265 0.303946 0.284966 0.136073 0.0216402 0.000112709 0 0 0 
24395: 1922.52 0.000103011 0.000719952 0.00229094 0.00397455 0.00640256 0.0137876 0.0371794 0.0968155 0.24516 0.593566 
448996: 3.23304 0.594561 0.371341 0.034098 0 0 0 0 0 0 0 
501008: 21.7649 0.159243 0.320918 0.259322 0.12918 0.0790157 0.0360478 0.0127641 0.00308045 0.000429223 0 
300281: 0.610073 1 0 0 0 0 0 0 0 0 0 
312295: 0.366141 1 0 0 0 0 0 0 0 0 0 
164559: 1.62824 0.956231 0.0437691 0 0 0 0 0 0 0 0 
29766: 1.64275e+06 7.05552e-07 6.72173e-07 8.93567e-06 4.9785e-05 0.000216061 0.000941232 0.004865 0.0279113 0.156646 0.809361 
143052: 368.723 0.00643072 0.0327913 0.0642003 0.0827145 0.1041 0.13171 0.150925 0.150269 0.138978 0.137882 
303166: 39.8071 0.0421909 0.0812197 0.0340661 0.0282492 0.0483912 0.114972 0.187362 0.206883 0.162689 0.0939776 
342916: 0.338899 1 0 0 0 0 0 0 0 0 0 
137801: 0.301771 0.301709 0.585764 0.112527 0 0 0 0 0 0 0 
9815: 100.104 0.04842 0.0115287 0.00755367 0.0283893 0.0615311 0.0918746 0.12143 0.146916 0.191958 0.290398 
57825: 1.70087e+07 1.10683e-06 1.29561e-05 9.34354e-05 0.000491112 0.00208213 0.00756307 0.0246946 0.0753958 0.22316 0.666506 
241171: 1.61044 1 0 0 0 0 0 0 0 0 0 
407824: 1.19976 0.904767 0.0952332 0 0 0 0 0 0 0 0 
601376: 0.866596 0.992165 0.00783459 0 0 0 0 0 0 0 0 
352519: 1.38682 0.666716 0.333284 0 0 0 0 0 0 0 0 
429342: 0.117018 1 0 0 0 0 0 0 0 0 0 
337044: 1.03887 0.697651 0.302349 0 0 0 0 0 0 0 0 
215121: 2.03675 0.856766 0.143234 0 0 0 0 0 0 0 0 
217959: 2.45799 0.81271 0.18729 0 0 0 0 0 0 0 0 
380106: 0.891379 1 0 0 0 0 0 0 0 0 0 
239923: 2.28898 0.334751 0.281772 0.165193 0.11186 0.072186 0.0251108 0.00665881 0.00201392 0.000381616 7.24938e-05 
526495: 1.3428 0.30509 0.475394 0.211411 0.00707465 0.000719158 0.000311275 0 0 0 0 
503249: 0.522931 1 0 0 0 0 0 0 0 0 0 
105336: 1.66352 0.810261 0.18221 0.00752977 0 0 0 0 0 0 0 
41945: 5507.4 2.51725e-05 5.84929e-05 0.000318111 0.00114009 0.00310805 0.00805023 0.0193375 0.0494507 0.160507 0.758004 
403242: 1.87778 0.810412 0.189588 0 0 0 0 0 0 0 0 
14216: 4.62236e+08 4.29506e-08 5.14872e-07 3.99895e-06 2.21152e-05 0.000110562 0.000594405 0.00362589 0.0232391 0.144029 0.828374 
202954: 0.873943 1 0 0 0 0 0 0 0 0 0 
516599: 4.58032 0.433281 0.378144 0.185027 0.00354869 0 0 0 0 0 0 
470712: 1.69673 0.719878 0.280122 0 0 0 0 0 0 0 0 
139482: 180.941 0.0458283 0.115629 0.159602 0.147037 0.13513 0.0946161 0.0723189 0.0771142 0.0820465 0.0706786 
287387: 7.54976 0.197914 0.27914 0.161308 0.128971 0.106287 0.0641987 0.0325065 0.0172389 0.00872462 0.0037111 
473597: 0.560695 1 0 0 0 0 0 0 0 0 0 
473536: 0.565394 0.539097 0.393334 0.0675692 0 0 0 0 0 0 0 
337553: 8.90788 0.040054 0.0790878 0.145043 0.170765 0.126841 0.0921757 0.0926111 0.0987823 0.089066 0.0655748 
199688: 0.31158 1 0 0 0 0 0 0 0 0 0 
45841: 2473.74 0.000484486 0.00431101 0.0130731 0.0279346 0.0475533 0.0701364 0.0818719 0.0972333 0.17206 0.485342 
268187: 0.978895 1 0 0 0 0 0 0 0 0 0 
602418: 0.595924 1 0 0 0 0 0 0 0 0 0 
593765: 115.048 0.013678 0.0237073 0.0299395 0.0568508 0.134894 0.202719 0.216112 0.171103 0.103561 0.0474355 
381881: 0.806551 1 0 0 0 0 0 0 0 0 0 
387941: 1.61268 0.778953 0.221047 0 0 0 0 0 0 0 0 
358066: 1.85992 0.769696 0.230304 0 0 0 0 0 0 0 0 
40715: 1.96551e+07 9.07781e-07 2.42902e-06 1.01034e-05 4.27426e-05 0.000217948 0.00126511 0.00720758 0.0376238 0.178504 0.775125 
295111: 3.54214 0.687067 0.30589 0.00704255 0 0 0 0 0 0 0 
60098: 135594 2.97226e-05 3.1478e-05 0.000211616 0.000573972 0.00103887 0.00185148 0.00605346 0.0320024 0.169314 0.788893 
89415: 3.18291 0.597849 0.343685 0.0556264 0.00283951 0 0 0 0 0 0 
318193: 0.792861 1 0 0 0 0 0 0 0 0 0 
214333: 5.80459e+06 1.02617e-06 2.80604e-06 9.99821e-06 4.55863e-05 0.000221807 0.00117266 0.00661657 0.036241 0.179003 0.776686 
53421: 1.86219 0.817695 0.182305 0 0 0 0 0 0 0 0 
163594: 0.478805 1 0 0 0 0 0 0 0 0 0 
262903: 0.564965 1 0 0 0 0 0 0 0 0 0 
195493: 0.67666 1 0 0 0 0 0 0 0 0 0 
445239: 2.6766 0.578619 0.374388 0.0469932 0 0 0 0 0 0 0 
496025: 2.4219 0.906067 0.0939326 0 0 0 0 0 0 0 0 
102983: 1887.01 0.00126752 0.0043396 0.0128061 0.0182934 0.0250024 0.0387125 0.0586231 0.10177 0.215914 0.523271 
158078: 1.01936 0.647509 0.311629 0.0408618 0 0 0 0 0 0 0 
555781: 0.301705 1 0 0 0 0 0 0 0 0 0 
142690: 3.28136 0.226221 0.246295 0.32817 0.143271 0.0297702 0.00947378 0.00792767 0.00549979 0.00258091 0.000790634 
152240: 10.442 0.255353 0.509368 0.203433 0.0317705 7.62738e-05 0 0 0 0 0 
104596: 44.6111 0.0995487 0.140412 0.192786 0.213726 0.164238 0.0963516 0.0501553 0.0255408 0.0123725 0.00486828 
154325: 59687.5 2.15487e-05 9.13738e-05 0.000248266 0.000556438 0.00161554 0.0060183 0.0242836 0.086427 0.255161 0.625577 
248654: 0.945606 0.568644 0.431356 0 0 0 0 0 0 0 0 
305015: 0.259331 1 0 0 0 0 0 0 0 0 0 
163769: 5.44188 0.148483 0.591392 0.113269 0.0517449 0.0257855 0.0235052 0.0172813 0.0146929 0.00959573 0.00425032 
93482: 176.481 0.0385666 0.150678 0.203502 0.201485 0.162811 0.110821 0.0695686 0.03872 0.017776 0.006072 
4672: 0.7548 1 0 0 0 0 0 0 0 0 0 
60336: 4578.35 0.00261089 0.00480158 0.00936588 0.0104078 0.00872047 0.0103915 0.0162033 0.0453465 0.180096 0.712056 
408645: 0.593539 1 0 0 0 0 0 0 0 0 0 
500329: 0.427744 1 0 0 0 0 0 0 0 0 0 
223065: 0.732307 1 0 0 0 0 0 0 0 0 0 
612904: 1.17277 1 0 0 0 0 0 0 0 0 0 
45979: 2.75224 0.438458 0.397878 0.150791 0.0128724 0 0 0 0 0 0 
324432: 13.5123 0.430555 0.324613 0.187687 0.0521511 0.00499374 0 0 0 0 0 
28193: 2.23082e+06 3.27216e-06 1.6528e-05 6.18226e-05 0.000191077 0.000563708 0.00190973 0.00743158 0.0334905 0.163821 0.792511 
437176: 0.806411 1 0 0 0 0 0 0 0 0 0 
514024: 0.532469 1 0 0 0 0 0 0 0 0 0 
439329: 1.57449 1 0 0 0 0 0 0 0 0 0 
637091: 6.36206 0.249773 0.475041 0.224732 0.0504546 0 0 0 0 0 0 
371654: 1.54923 0.800447 0.167368 0.0321848 0 0 0 0 0 0 0 
541987: 0.0434369 1 0 0 0 0 0 0 0 0 0 
203393: 6.74712 0.63012 0.331565 0.0382476 6.71023e-05 0 0 0 0 0 0 
26373: 145999 6.61434e-05 0.000209246 0.000555528 0.000945734 0.00153602 0.00304788 0.00778517 0.0268326 0.132087 0.826935 
367246: 0.287478 0.335157 0.656205 0.00863801 0 0 0 0 0 0 0 
531388: 0.439589 1 0 0 0 0 0 0 0 0 0 
485837: 10.197 0.228682 0.606923 0.157261 0.00713445 0 0 0 0 0 0 
74056: 28.6543 0.0671691 0.0915061 0.115134 0.141769 0.22038 0.195395 0.114674 0.0435001 0.00938333 0.0010891 
165810: 41.6542 0.0187425 0.00986363 0.0532327 0.106601 0.211651 0.251293 0.195505 0.101631 0.0397095 0.0117715 
394928: 0.304749 1 0 0 0 0 0 0 0 0 0 
634293: 4.09695 0.561198 0.328735 0.0999781 0.0100893 0 0 0 0 0 0 
35451: 165.459 0.00881602 0.0710087 0.153778 0.195095 0.159042 0.110741 0.0751478 0.0583678 0.0654764 0.102528 
503355: 0.96772 1 0 0 0 0 0 0 0 0 0 
624006: 0.603941 1 0 0 0 0 0 0 0 0 0 
632091: 2.09024 0.720968 0.279032 0 0 0 0 0 0 0 0 
188113: 530.74 0.011968 0.0452367 0.0820986 0.108895 0.111208 0.0917938 0.06783 0.0479546 0.0844298 0.348585 
52925: 1.46092e+06 1.26149e-05 9.4054e-05 0.000477838 0.00176825 0.00532395 0.0138121 0.0335306 0.0816144 0.214295 0.649071 
80687: 1.71633 0.688962 0.265423 0.045615 0 0 0 0 0 0 0 
333621: 18.0584 0.25611 0.34548 0.257362 0.107923 0.0287775 0.00392564 0.000409403 1.2794e-05 0 0 
452469: 0.821306 1 0 0 0 0 0 0 0 0 0 
454884: 0.384727 1 0 0 0 0 0 0 0 0 0 
527580: 0.232581 1 0 0 0 0 0 0 0 0 0 
115375: 0.484738 1 0 0 0 0 0 0 0 0 0 
470761: 0.928637 0.759701 0.240299 0 0 0 0 0 0 0 0 
27308: 14983.3 0.000867575 0.0029063 0.00516015 0.0112327 0.0221583 0.0423708 0.0765086 0.131741 0.236484 0.470571 
51887: 2.30025e+07 7.36647e-07 8.39092e-06 3.61483e-05 0.000110852 0.000311815 0.00103375 0.00489331 0.0283421 0.159981 0.805282 
629425: 0.756353 1 0 0 0 0 0 0 0 0 0 
268708: 15.5602 0.0715253 0.423944 0.317587 0.104808 0.0552068 0.0169549 0.00384457 0.00320559 0.00261984 0.000304052 
63634: 3.64982e+08 1.45403e-07 1.06284e-06 4.92271e-06 1.79009e-05 6.86458e-05 0.000378781 0.00280204 0.0210399 0.141547 0.83414 
48554: 5279.26 0.000321516 0.000446754 0.0020604 0.0036969 0.00970337 0.0212788 0.0417056 0.087388 0.217851 0.615548 
366942: 0.772997 1 0 0 0 0 0 0 0 0 0 
170583: 41.3497 0.1203 0.295008 0.296499 0.18422 0.0739264 0.0245152 0.00505278 0.000467099 1.19658e-05 6.80641e-08 
129262: 1.71527 0.905828 0.0941719 0 0 0 0 0 0 0 0 
238207: 0.164558 1 0 0 0 0 0 0 0 0 0 
448410: 0.866918 1 0 0 0 0 0 0 0 0 0 
553655: 0.417815 1 0 0 0 0 0 0 0 0 0 
571713: 17.8064 0.242168 0.314193 0.24828 0.163199 0.0292401 0.00286545 5.41195e-05 0 0 0 
79511: 6.45757 0.601208 0.276524 0.117536 0.00473182 0 0 0 0 0 0 
506299: 0.871446 1 0 0 0 0 0 0 0 0 0 
84280: 829.37 0.00571101 0.0150173 0.0121403 0.0088653 0.0102054 0.0207235 0.0415548 0.0930273 0.228749 0.564006 
314573: 1.22235 0.846828 0.153172 0 0 0 0 0 0 0 0 
289839: 0.118013 1 0 0 0 0 0 0 0 0 0 
429264: 4.23941 0.484219 0.442453 0.0733282 0 0 0 0 0 0 0 
450590: 0.410954 1 0 0 0 0 0 0 0 0 0 
414731: 1.98106 0.773404 0.194582 0.0313863 0.00059229 3.55682e-05 0 0 0 0 0 
266177: 15.9719 0.232038 0.367818 0.214292 0.122878 0.053289 0.00968556 0 0 0 0 
175312: 0.0559503 1 0 0 0 0 0 0 0 0 0 
419282: 0.689857 0.985312 0.0146883 0 0 0 0 0 0 0 0 
199824: 14.6209 0.0630356 0.0285736 0.0894061 0.0651829 0.0936665 0.129334 0.155997 0.15908 0.131804 0.0839196 
226600: 2.11452 0.916677 0.0819963 0.00132668 0 0 0 0 0 0 0 
172320: 0.540225 0.531559 0.468441 0 0 0 0 0 0 0 0 
22748: 1.0695e+07 9.21161e-07 3.58684e-06 9.74759e-06 3.48782e-05 0.000124058 0.000494213 0.00275354 0.0190513 0.13255 0.844977 
26981: 411.579 0.00240796 0.0158492 0.0335354 0.0570171 0.0584244 0.058478 0.0574454 0.0642773 0.131148 0.521417 
318071: 4.61794 0.92823 0.0717624 7.99274e-06 0 0 0 0 0 0 0 
165661: 17.1684 0.104704 0.123749 0.0148506 0.0238364 0.0598198 0.114451 0.107571 0.144233 0.163533 0.143252 
304055: 30.5127 0.114436 0.226768 0.243717 0.198366 0.133044 0.0613677 0.0187963 0.00307967 0.000425169 0 
185989: 5.56682 0.287796 0.413661 0.176169 0.0858601 0.0270028 0.00774247 0.00165327 0.000114887 0 0 
264978: 3.36374 0.198801 0.292142 0.344015 0.138968 0.0251737 0.000900926 0 0 0 0 
517604: 0.809737 1 0 0 0 0 0 0 0 0 0 
67931: 37288.3 2.47015e-05 1.14972e-05 0.000146914 0.000301602 0.000943403 0.00373486 0.0141717 0.053487 0.2015 0.725678 
17752: 0.432653 1 0 0 0 0 0 0 0 0 0 
565504: 0.683154 1 0 0 0 0 0 0 0 0 0 
361803: 18260.8 5.0544e-05 0.000580164 0.0035763 0.0139391 0.0394826 0.0857278 0.148642 0.211002 0.249287 0.247713 
169353: 6.03267 0.0921241 0.182782 0.367608 0.190984 0.0613581 0.0224912 0.0167563 0.0219015 0.0239154 0.02008 
72553: 0.729568 1 0 0 0 0 0 0 0 0 0 
496600: 76.1791 0.0566301 0.121077 0.196551 0.22189 0.179057 0.115933 0.0652268 0.0301502 0.0107309 0.00275422 
428688: 0.870172 1 0 0 0 0 0 0 0 0 0 
408651: 146.354 0.0434425 0.126633 0.222231 0.261495 0.197772 0.0999445 0.0369541 0.00976698 0.00162161 0.000139175 
220788: 4.8433 0.641335 0.241393 0.063437 0.0186892 0.0140389 0.0137531 0.00620019 0.000985839 0.000155895 1.19621e-05 
445386: 0.805043 1 0 0 0 0 0 0 0 0 0 
470784: 0.750214 1 0 0 0 0 0 0 0 0 0 
330332: 1.82563 0.789178 0.184406 0.0253877 0.00102884 0 0 0 0 0 0 
608792: 0.941057 1 0 0 0 0 0 0 0 0 0 
36382: 106598 6.2637e-05 0.000180163 0.000313267 0.000637258 0.00165029 0.00520297 0.0178554 0.0608824 0.205589 0.707627 
223663: 8.34193 0.384601 0.283464 0.248562 0.0695858 0.011725 0.00191249 0.000149179 7.94617e-07 0 0 
44305: 2.9602 0.798777 0.165145 0.0360783 0 0 0 0 0 0 0 
202150: 498.567 0.0054053 0.0174493 0.0280665 0.0505736 0.0974606 0.158988 0.196734 0.188958 0.150931 0.105434 
415652: 0.957878 1 0 0 0 0 0 0 0 0 0 
401220: 10.6791 0.109252 0.388368 0.373661 0.114175 0.0136873 0.000830413 2.57771e-05 2.69789e-07 0 0 
346393: 258.688 0.0213394 0.134706 0.254257 0.27584 0.186752 0.0879273 0.0300561 0.00753628 0.00139813 0.000188868 
291695: 1.23534 1 0 0 0 0 0 0 0 0 0 
253384: 2.10852 0.719479 0.280521 0 0 0 0 0 0 0 0 
84933: 2238.95 3.67354e-05 0.0002645 0.00109285 0.00275864 0.00664457 0.0155068 0.0379942 0.0965565 0.245921 0.593224 
88058: 15973.7 0.000144815 0.000247365 0.000680504 0.00268503 0.0100648 0.0304373 0.0764696 0.16181 0.287933 0.429527 
133061: 30.4879 0.162516 0.147758 0.175819 0.211551 0.15539 0.09663 0.0352557 0.0120443 0.0025779 0.000458135 
55: 1.91667e+07 2.52767e-07 1.05612e-06 1.14682e-05 8.98855e-05 0.000554817 0.00275405 0.011709 0.0457349 0.178688 0.760456 
188321: 5.30466 0.172769 0.382424 0.31745 0.11256 0.0147973 0 0 0 0 0 
25622: 260.325 0.0119165 0.035253 0.0382317 0.06258 0.0882657 0.104026 0.115339 0.137941 0.173594 0.232853 
36209: 1.8751 0.629599 0.157278 0.0928569 0.0867897 0.0271063 0.00636995 0 0 0 0 
284489: 0.929978 1 0 0 0 0 0 0 0 0 0 
55026: 2.86728 0.554762 0.405788 0.03945 0 0 0 0 0 0 0 
77330: 0.6257 0.976213 0.0237873 0 0 0 0 0 0 0 0 
192124: 0.974725 0.583453 0.416547 0 0 0 0 0 0 0 0 
291206: 3.13296 0.50892 0.295262 0.186748 0.00906954 0 0 0 0 0 0 
107849: 3.26966 0.885954 0.11293 0.00111606 0 0 0 0 0 0 0 
247459: 0.285526 0.587197 0.0859447 0.0966898 0.0932504 0.0827918 0.0440097 0.00890424 0.00117607 3.57183e-05 8.5406e-07 
216808: 199.238 0.00561405 0.00439634 0.0147025 0.0453198 0.0945129 0.141254 0.184785 0.2015 0.179041 0.128874 
464631: 2.15479 0.843779 0.156221 0 0 0 0 0 0 0 0 
541099: 0.768332 1 0 0 0 0 0 0 0 0 0 
2725: 0.133652 1 0 0 0 0 0 0 0 0 0 
293078: 1.18584 1 0 0 0 0 0 0 0 0 0 
367625: 12.6477 0.276976 0.386683 0.229726 0.0836702 0.0209507 0.00199294 0 0 0 0 
450140: 0.0353242 1 0 0 0 0 0 0 0 0 0 
258688: 0.825563 1 0 0 0 0 0 0 0 0 0 
32793: 7.09264 0.0184157 0.0326059 0.0922834 0.153826 0.212336 0.203659 0.149267 0.0819399 0.0382222 0.017446 
223222: 10.1566 0.350792 0.216844 0.193289 0.157029 0.069575 0.0114631 0.00097398 3.41898e-05 0 0 
390950: 2.45375 0.277022 0.208171 0.228712 0.230007 0.0560884 0 0 0 0 0 
197922: 0.431728 1 0 0 0 0 0 0 0 0 0 
38744: 2.10725e+06 5.4778e-06 2.34674e-05 8.41649e-05 0.000304252 0.00110065 0.00353926 0.0110242 0.0365392 0.148841 0.798538 
168459: 99.7895 0.044297 0.108408 0.199789 0.229907 0.18712 0.119223 0.0638759 0.0315894 0.012466 0.00332455 
516376: 0.952747 1 0 0 0 0 0 0 0 0 0 
92928: 1.10151 0.256625 0.402444 0.313602 0.0273287 0 0 0 0 0 0 
472415: 0.24359 1 0 0 0 0 0 0 0 0 0 
108604: 3.83398 0.863545 0.132072 0.0043659 1.72081e-05 0 0 0 0 0 0 
129704: 228.89 0.0137316 0.0409351 0.0469347 0.0674741 0.0985826 0.109748 0.107899 0.147041 0.175868 0.191786 
141105: 0.291666 1 0 0 0 0 0 0 0 0 0 
544414: 2.10619 0.845321 0.150196 0.00448276 0 0 0 0 0 0 0 
335995: 31.7001 0.0502559 0.107932 0.180084 0.147826 0.135088 0.142357 0.115793 0.0683711 0.0338288 0.0184641 
356282: 2.01839 0.780859 0.219141 0 0 0 0 0 0 0 0 
208015: 5.13156 0.54387 0.358314 0.0978155 0 0 0 0 0 0 0 
114270: 14118.6 0.00119068 0.00293636 0.00582031 0.00817229 0.0123331 0.0227741 0.0435891 0.090571 0.21447 0.598143 
384984: 1.63255 0.874677 0.125323 0 0 0 0 0 0 0 0 
486430: 0.657708 1 0 0 0 0 0 0 0 0 0 
639073: 0.591126 1 0 0 0 0 0 0 0 0 0 
344326: 0.865995 0.780433 0.219567 0 0 0 0 0 0 0 0 
1869: 910867 2.51071e-06 1.07261e-05 5.92002e-05 0.000247885 0.000807352 0.00243628 0.0082272 0.0340406 0.161787 0.792381 
495747: 196087 2.43248e-05 0.000141392 0.000585307 0.00211059 0.00710478 0.0209346 0.0547361 0.128176 0.270213 0.515973 
593550: 9.68805 0.35375 0.311652 0.207696 0.106412 0.0204903 0 0 0 0 0 
525839: 4.48931 0.527571 0.331373 0.122284 0.0187723 0 0 0 0 0 0 
351908: 0.497826 1 0 0 0 0 0 0 0 0 0 
125973: 0.202691 1 0 0 0 0 0 0 0 0 0 
486468: 0.469593 1 0 0 0 0 0 0 0 0 0 
116558: 116.444 0.0119212 0.0779567 0.107701 0.130857 0.118242 0.0958452 0.0497269 0.0385009 0.0927065 0.276543 
612923: 0.283303 1 0 0 0 0 0 0 0 0 0 
12910: 244685 4.54499e-06 1.23427e-05 7.33456e-05 0.000285498 0.00116997 0.00434158 0.0141744 0.0452527 0.164344 0.770341 
85518: 5.55466e+06 4.58177e-07 6.03014e-06 2.0031e-05 3.92868e-05 7.65814e-05 0.000394467 0.00322702 0.0241612 0.152649 0.819426 
239687: 0.869562 1 0 0 0 0 0 0 0 0 0 
20659: 7.65321e+07 2.92857e-07 3.01947e-06 2.191e-05 0.000107008 0.000427549 0.00155989 0.00598215 0.0270992 0.144659 0.82014 
163796: 0.970214 0.537603 0.462397 0 0 0 0 0 0 0 0 
497531: 0.552039 1 0 0 0 0 0 0 0 0 0 
14421: 105583 2.84506e-05 7.50961e-05 0.000630868 0.00188526 0.00496453 0.0122813 0.029154 0.0711468 0.195523 0.684311 
406987: 0.453555 1 0 0 0 0 0 0 0 0 0 
68369: 320.936 0.0397045 0.107861 0.136816 0.141639 0.164129 0.151813 0.100951 0.0542708 0.0389695 0.0638466 
630447: 0.654688 1 0 0 0 0 0 0 0 0 0 
68888: 26.1767 0.132377 0.176411 0.119262 0.145428 0.177287 0.140278 0.0698658 0.0277075 0.00915978 0.00222365 
280093: 1.09143 0.51102 0.48898 0 0 0 0 0 0 0 0 
354924: 1.75746 0.995007 0.00499274 0 0 0 0 0 0 0 0 
223049: 0.0624159 1 0 0 0 0 0 0 0 0 0 
13650: 3562.33 0.00161181 0.00357608 0.00584239 0.00858491 0.0135341 0.0270335 0.0578448 0.118897 0.243532 0.519543 
28556: 39145.6 4.89112e-05 9.55049e-05 0.000270298 0.00107612 0.003003 0.00949639 0.0285393 0.084709 0.24083 0.631931 
272017: 0.242748 1 0 0 0 0 0 0 0 0 0 
594585: 0.249315 1 0 0 0 0 0 0 0 0 0 
415177: 0.346303 1 0 0 0 0 0 0 0 0 0 
199981: 49.7571 0.0962396 0.142619 0.237863 0.258911 0.162525 0.071903 0.0239541 0.00519992 0.000775191 9.55223e-06 
92389: 4600.63 0.000641933 0.00125499 0.00556553 0.0138075 0.0294526 0.056385 0.0941647 0.151579 0.246442 0.400706 
641289: 0.660703 1 0 0 0 0 0 0 0 0 0 
537081: 1.11702 0.61471 0.38529 0 0 0 0 0 0 0 0 
444465: 0.33458 0.697629 0.302371 0 0 0 0 0 0 0 0 
390304: 0.0474162 1 0 0 0 0 0 0 0 0 0 
584603: 2.59835 0.503144 0.412328 0.0845281 0 0 0 0 0 0 0 
194184: 10.6484 0.0470547 0.539602 0.278389 0.0865478 0.0344847 0.0100462 0.00297116 0.000781514 0.000115998 6.96013e-06 
193219: 0.131229 0.446587 0.553413 0 0 0 0 0 0 0 0 
143757: 3214.42 0.00103748 0.00230128 0.00536331 0.0115948 0.0188404 0.0253102 0.0325765 0.058717 0.179042 0.665218 
311394: 2.59712 0.726379 0.236317 0.037304 0 0 0 0 0 0 0 
21985: 303.22 0.0125252 0.00877971 0.0142045 0.0259826 0.0526822 0.0887212 0.124879 0.165757 0.216887 0.289582 
505038: 2.67811 0.803659 0.196341 0 0 0 0 0 0 0 0 
326065: 0.655366 1 0 0 0 0 0 0 0 0 0 
417579: 0.764759 1 0 0 0 0 0 0 0 0 0 
409311: 2.25353 0.683985 0.293597 0.022418 0 0 0 0 0 0 0 
517727: 0.0241456 1 0 0 0 0 0 0 0 0 0 
366664: 131.864 0.0204331 0.029637 0.0697334 0.107036 0.150852 0.181999 0.173292 0.131877 0.086025 0.0491149 
561998: 0.84975 1 0 0 0 0 0 0 0 0 0 
246114: 0.343738 0.496608 0.0437373 0.360127 0.0977842 0.00174311 0 0 0 0 0 
269930: 3.97492 0.464799 0.431404 0.103204 0.000593359 0 0 0 0 0 0 
191840: 1.68501 1 0 0 0 0 0 0 0 0 0 
341265: 0.665613 1 0 0 0 0 0 0 0 0 0 
58093: 0.506078 0.445997 0.353679 0.200324 0 0 0 0 0 0 0 
491441: 3.58174 0.129597 0.354836 0.300438 0.171925 0.0404084 0.00279501 0 0 0 0 
213917: 27.1227 0.0998773 0.0625179 0.15041 0.227112 0.150077 0.0693653 0.0474837 0.0521979 0.0561143 0.0848445 
11008: 309841 4.2361e-06 3.22126e-05 0.000104997 0.000282062 0.000764941 0.00215194 0.00703154 0.0288769 0.146576 0.814175 
3170: 1.52062e+07 1.58868e-06 8.74333e-06 3.15661e-05 0.000123857 0.000461184 0.00170331 0.00658332 0.0287238 0.146154 0.816209 
449247: 2.65016 0.817902 0.182098 0 0 0 0 0 0 0 0 
351938: 12.5687 0.18284 0.335793 0.300322 0.144996 0.0327553 0.00329447 0 0 0 0 
527559: 1.03522 0.780822 0.219178 0 0 0 0 0 0 0 0 
161099: 3.93799 0.459483 0.444923 0.0842746 0.01132 0 0 0 0 0 0 
189103: 85.2871 0.0579088 0.0998301 0.126651 0.157325 0.17562 0.140102 0.0995701 0.0656937 0.0449456 0.0323532 
174526: 2.59761 0.207777 0.371156 0.360594 0.0604729 0 0 0 0 0 0 
168076: 0.319599 1 0 0 0 0 0 0 0 0 0 
424083: 1.29838 0.767799 0.232201 0 0 0 0 0 0 0 0 
243295: 3.05388 0.70731 0.29269 0 0 0 0 0 0 0 0 
341527: 0.327342 1 0 0 0 0 0 0 0 0 0 
63276: 333752 6.64593e-06 6.63278e-05 0.000295717 0.00105399 0.00340098 0.00952865 0.024374 0.0636029 0.193573 0.704098 
265731: 0.957158 1 0 0 0 0 0 0 0 0 0 
120414: 2646.45 0.000974057 0.00178539 0.00233079 0.00377138 0.00582093 0.0128872 0.0359193 0.100778 0.25678 0.578952 
306743: 2.28744 0.746838 0.248321 0.00484077 0 0 0 0 0 0 0 
179103: 4.66937 0.44963 0.228345 0.0990814 0.0969995 0.0647597 0.0342346 0.0137255 0.00737218 0.00410221 0.00174966 
302579: 0.683235 1 0 0 0 0 0 0 0 0 0 
394776: 0.21007 1 0 0 0 0 0 0 0 0 0 
212691: 0.378331 0.594695 0.302548 0.102756 0 0 0 0 0 0 0 
371869: 0.178794 1 0 0 0 0 0 0 0 0 0 
230210: 42.9231 0.01808 0.0263384 0.0708919 0.10404 0.120119 0.155991 0.17487 0.156158 0.110838 0.0626737 
105701: 2.29962 0.639096 0.356896 0.0040084 0 0 0 0 0 0 0 
334730: 0.686924 0.11903 0.527137 0.252081 0.0989559 0.00279693 0 0 0 0 0 
579468: 0.114905 1 0 0 0 0 0 0 0 0 0 
462679: 0.0712586 1 0 0 0 0 0 0 0 0 0 
153384: 3965.91 0.00209736 0.00285107 0.0038309 0.00715343 0.0120726 0.0179533 0.0263766 0.0583741 0.195821 0.67347 
134136: 65.4276 0.0133119 0.0470211 0.158722 0.25049 0.244301 0.165082 0.080116 0.0291169 0.00916029 0.00267922 
405212: 0.369086 0.622786 0.377214 0 0 0 0 0 0 0 0 
64041: 2598.89 0.00379076 0.00678519 0.00972601 0.0114835 0.0195237 0.0399685 0.0810317 0.147432 0.245551 0.434707 
272938: 0.57874 1 0 0 0 0 0 0 0 0 0 
347080: 48870.3 0.000166794 0.00103572 0.00364403 0.0104853 0.0257409 0.0560879 0.10784 0.181071 0.266432 0.347496 
408874: 1.73294 0.550845 0.449155 0 0 0 0 0 0 0 0 
397449: 0.473471 1 0 0 0 0 0 0 0 0 0 
202444: 121.454 0.0211553 0.0302205 0.0850038 0.0914226 0.0838662 0.126717 0.141533 0.146032 0.14056 0.13349 
18732: 1.1396e+08 1.59405e-07 1.40246e-06 9.43365e-06 5.18865e-05 0.000234323 0.00094679 0.00406911 0.021474 0.133163 0.84005 
26003: 1463.42 0.000579944 0.0032336 0.0063625 0.0142752 0.0241292 0.031742 0.0428963 0.0790718 0.212007 0.585702 
97505: 15543.2 0.000383229 0.00205814 0.00480675 0.0081444 0.0119928 0.0151067 0.0213815 0.0489969 0.182185 0.704945 
322390: 4.57796 0.366287 0.444317 0.17424 0.0150903 6.57187e-05 0 0 0 0 0 
595425: 20.2396 0.327614 0.416485 0.212072 0.0414645 0.00234274 2.29473e-05 0 0 0 0 
278066: 2.55165 0.726616 0.232828 0.0405557 0 0 0 0 0 0 0 
381632: 0.357297 1 0 0 0 0 0 0 0 0 0 
11917: 2.97841e+08 5.11149e-08 1.76047e-07 9.1146e-07 5.19244e-06 3.13447e-05 0.000235068 0.00202322 0.0169688 0.127981 0.852754 
98773: 3.63383 0.188382 0.383275 0.288992 0.115654 0.0236973 0 0 0 0 0 
337142: 2.625 0.363433 0.614991 0.0215754 0 0 0 0 0 0 0 
10609: 1.95253e+08 5.4982e-08 9.24316e-07 6.8517e-06 3.92944e-05 0.000206651 0.00107753 0.0057401 0.0307084 0.16033 0.80189 
566707: 0.714191 1 0 0 0 0 0 0 0 0 0 
106958: 2908.24 0.000198969 0.00293557 0.00336437 0.00277465 0.00299324 0.00547271 0.0181108 0.0685762 0.230992 0.664582 
116355: 1.07243 0.820438 0.0623936 0.0605378 0.0430759 0.011731 0.00162166 0.00018483 1.58236e-05 1.23856e-06 0 
50383: 532209 1.88543e-05 0.000104385 0.000246768 0.00056993 0.00134319 0.00377641 0.0122496 0.0445285 0.179474 0.757689 
537987: 3.01973 0.436158 0.383489 0.180353 0 0 0 0 0 0 0 
311493: 0.352714 0.5623 0.4377 0 0 0 0 0 0 0 0 
339732: 0.953977 0.887246 0.112754 0 0 0 0 0 0 0 0 
295625: 13.1637 0.150318 0.389813 0.2773 0.141888 0.036008 0.00467249 4.24994e-07 0 0 0 
332481: 2.90635 0.784678 0.182992 0.03233 0 0 0 0 0 0 0 
573770: 0.17816 1 0 0 0 0 0 0 0 0 0 
366917: 0.701298 1 0 0 0 0 0 0 0 0 0 
209230: 0.738195 1 0 0 0 0 0 0 0 0 0 
559913: 0.154737 0.330391 0.475992 0.174274 0.0193429 0 0 0 0 0 0 
545481: 1.65294 0.79877 0.20123 0 0 0 0 0 0 0 0 
