n = 654628
m = 1990259
begin to read Graph...
readGraph Over...
begin to init vec....
init vec Over...
totoal time: 0.193852s
370769: 1.51509 0.747976 0.252024 0 0 0 
591586: 86.4834 0.043784 0.113944 0.213404 0.310193 0.318676 
75664: 3709.8 0.00479679 0.018046 0.0678236 0.230573 0.678761 
137638: 12.4233 0.0769657 0.206761 0.283795 0.274014 0.158464 
171562: 4.09742 0.872895 0.127105 0 0 0 
306327: 2.32146 0.685442 0.287367 0.0271904 0 0 
634606: 0.80694 1 0 0 0 0 
389741: 4.72818 0.341223 0.477469 0.133066 0.0482417 0 
50094: 0.617594 1 0 0 0 0 
113718: 26.9835 0.0732154 0.103488 0.217374 0.297912 0.308011 
353013: 1.50741 0.643195 0.356805 0 0 0 
87615: 1.38461 0.547491 0.0678565 0.251851 0.11897 0.0138304 
603146: 0.900506 0.727265 0.272735 0 0 0 
282147: 0.0710014 1 0 0 0 0 
541907: 0.657152 1 0 0 0 0 
356598: 3.54518 0.302948 0.271291 0.271821 0.129266 0.0246737 
207626: 0.70733 0.973964 0.0260355 0 0 0 
77085: 8.23963 0.714299 0.243132 0.0408566 0.00171305 0 
318845: 0.918054 1 0 0 0 0 
59160: 11648.5 9.68269e-05 0.00290894 0.0281749 0.174215 0.794605 
164011: 16.8319 0.0593179 0.142489 0.242054 0.289312 0.266828 
292041: 0.86659 0.60541 0.39459 0 0 0 
102444: 2.43246 0.215361 0.195148 0.289456 0.238686 0.061349 
243452: 1.5637 1 0 0 0 0 
366595: 0.473997 0.915722 0.0766204 0.00765745 0 0 
145725: 0.887062 1 0 0 0 0 
315451: 7.49871 0.291355 0.279625 0.23222 0.146182 0.0506175 
104937: 14.7881 0.266916 0.327727 0.230159 0.14376 0.0314378 
3801: 0.237327 1 0 0 0 0 
440410: 0.427665 1 0 0 0 0 
244874: 1.19217 0.815293 0.184707 0 0 0 
33867: 11098.9 0.0023501 0.0138867 0.0660048 0.225752 0.692007 
144444: 0.63436 1 0 0 0 0 
66733: 114.558 0.09432 0.190886 0.23276 0.226822 0.255212 
69225: 273.415 0.0135409 0.0401042 0.117707 0.27158 0.557068 
27109: 3902.37 0.00352791 0.0212294 0.0780145 0.2404 0.656828 
106073: 0.296877 0.540493 0.459507 0 0 0 
224106: 2.61414 0.133163 0.458714 0.287925 0.1105 0.00969778 
111546: 1.4782 1 0 0 0 0 
53010: 72.5623 0.0122129 0.0980682 0.144169 0.260568 0.484982 
493123: 461.383 0.00386459 0.0236256 0.0889336 0.266469 0.617107 
150283: 0.624563 0.857265 0.142735 0 0 0 
103439: 68.9794 0.181907 0.268359 0.258464 0.186891 0.104379 
201033: 37.9315 0.0253854 0.0971903 0.31288 0.313576 0.250968 
458222: 0.432774 1 0 0 0 0 
156227: 23.6132 0.0529943 0.17657 0.197701 0.254211 0.318524 
292679: 3.13105 0.635768 0.364232 0 0 0 
267102: 44.8763 0.0398909 0.154729 0.264899 0.305494 0.234986 
167192: 1.65913 0.710489 0.289511 0 0 0 
522611: 1.37186 0.907564 0.0924362 0 0 0 
585836: 0.646095 1 0 0 0 0 
102177: 176.685 0.0337369 0.0580285 0.144836 0.286514 0.476885 
424682: 3.5159 0.588662 0.353973 0.0573652 0 0 
538000: 0.546806 1 0 0 0 0 
202682: 21.2741 0.167434 0.160655 0.186278 0.213934 0.2717 
101309: 1053.91 0.00463865 0.024186 0.0701438 0.210652 0.690379 
63038: 14.5752 0.17198 0.254443 0.215645 0.200112 0.157819 
38743: 3855.29 0.00148461 0.00611588 0.0361484 0.182547 0.773705 
265548: 4.00432 0.55718 0.409412 0.0334077 0 0 
534788: 1.43436 0.655461 0.344539 0 0 0 
179663: 3.94055 0.666259 0.326083 0.00765875 0 0 
346071: 2647.33 0.00202885 0.0163758 0.0703755 0.242684 0.668536 
156852: 0.73611 1 0 0 0 0 
270357: 1.24551 0.452803 0.480731 0.0664665 0 0 
6189: 155.24 0.00375102 0.0373541 0.239234 0.341973 0.377688 
408887: 0.0540439 1 0 0 0 0 
464629: 0.069932 1 0 0 0 0 
160424: 14.6832 0.219854 0.332448 0.223879 0.123401 0.100417 
156131: 46.352 0.0666497 0.0675295 0.125081 0.263331 0.477408 
81911: 1.02073 0.274783 0.497228 0.227989 0 0 
189747: 1.11771 0.812274 0.187726 0 0 0 
138958: 35.6076 0.0746749 0.291252 0.187927 0.205381 0.240766 
77591: 1647.25 0.0113027 0.0558013 0.128565 0.271966 0.532365 
589555: 0.588158 1 0 0 0 0 
380713: 1.73466 0.619358 0.380642 0 0 0 
399767: 3.00392 0.743516 0.215717 0.0407672 0 0 
46094: 90.4557 0.0470745 0.111186 0.116371 0.206972 0.518398 
117635: 4.2756 0.33814 0.456028 0.181397 0.0244348 0 
550811: 1.9968 0.768089 0.231911 0 0 0 
8126: 84.542 0.00418691 0.0521653 0.146441 0.2958 0.501407 
478588: 0.400322 0.93651 0.0430663 0.0204237 0 0 
69197: 123.402 0.00505828 0.0524045 0.101212 0.190177 0.651149 
447780: 2.94429 0.838741 0.160416 0.000843474 0 0 
641608: 0.744055 1 0 0 0 0 
187467: 0.0077546 1 0 0 0 0 
88909: 2.26389 0.577366 0.351519 0.0626087 0.00850617 0 
243781: 59.2838 0.0226667 0.198279 0.176851 0.268216 0.333988 
62164: 36.8154 0.178347 0.302624 0.23539 0.154465 0.129174 
256328: 3.20827 0.657427 0.328398 0.014175 0 0 
577734: 0.498603 1 0 0 0 0 
127368: 42.1309 0.138549 0.23536 0.205804 0.219252 0.201034 
254587: 1.49882 0.208873 0.269148 0.326131 0.161242 0.0346069 
381233: 0.319882 1 0 0 0 0 
148338: 1.64767 0.669511 0.317161 0.0133278 0 0 
190070: 3.94089 0.226012 0.327104 0.310916 0.113927 0.0220405 
8427: 1.61889 0.685633 0.314367 0 0 0 
194523: 1.05092 0.818801 0.181199 0 0 0 
360189: 0.161497 1 0 0 0 0 
204998: 2.17295 0.828965 0.171035 0 0 0 
27241: 0.256009 1 0 0 0 0 
404628: 1.17244 0.793733 0.206267 0 0 0 
264774: 2.37948 0.712816 0.270114 0.0170704 0 0 
188267: 3.42436 0.381515 0.374043 0.192201 0.0487691 0.00347192 
122295: 271.086 0.0323519 0.101826 0.19987 0.320345 0.345607 
150683: 121.013 0.064888 0.226618 0.318757 0.252265 0.137471 
163260: 2.6497 0.64964 0.228279 0.0383093 0.0441982 0.0395743 
635645: 15.7937 0.230275 0.265285 0.253562 0.190518 0.06036 
155644: 1.14135 0.534537 0.465463 0 0 0 
251223: 4.47017 0.387321 0.56764 0.0450395 0 0 
297089: 2.58545 0.363952 0.630411 0.00563709 0 0 
379327: 0.582567 1 0 0 0 0 
7274: 97.5743 0.0027942 0.0132901 0.100254 0.30134 0.582321 
40265: 0.211458 1 0 0 0 0 
25297: 1.21181 0.739051 0.114523 0.0394809 0.0496779 0.0572671 
420032: 1.29857 0.812889 0.187111 0 0 0 
227416: 0.0781876 1 0 0 0 0 
212094: 47.6113 0.0762603 0.169507 0.245058 0.27938 0.229795 
454476: 0.295111 1 0 0 0 0 
143189: 1.75894 0.490467 0.367662 0.141871 0 0 
523988: 2.80418 0.54827 0.398825 0.0529049 0 0 
366461: 4.58724 0.382583 0.223243 0.354482 0.0396921 0 
106153: 0.890567 1 0 0 0 0 
523539: 0.326641 1 0 0 0 0 
598533: 0.0649429 1 0 0 0 0 
595343: 13147.8 0.00058087 0.00351222 0.0261948 0.165817 0.803895 
21098: 9670.08 0.00301297 0.013627 0.0449245 0.173434 0.765001 
79534: 0.468282 1 0 0 0 0 
81028: 0.824509 1 0 0 0 0 
294674: 1.30086 0.999818 0.000182251 0 0 0 
153713: 21.3067 0.135764 0.296832 0.186589 0.178531 0.202284 
56379: 4100.76 0.00209794 0.00585193 0.0155765 0.107388 0.869086 
379676: 0.437669 1 0 0 0 0 
122868: 19.4127 0.0167998 0.111538 0.270742 0.337664 0.263256 
368761: 13.3468 0.336665 0.314863 0.234983 0.0932429 0.0202463 
221931: 597.588 0.0117002 0.0537095 0.135148 0.263259 0.536184 
93753: 0.354011 1 0 0 0 0 
450229: 33.9657 0.172454 0.396386 0.249406 0.14375 0.0380046 
381576: 10.1518 0.310627 0.62171 0.0657564 0.00190658 0 
225342: 0.675347 0.502379 0.497621 0 0 0 
435374: 1.91835 0.706217 0.293783 0 0 0 
29675: 385.731 0.00392342 0.0331887 0.0896274 0.252505 0.620755 
78361: 2736.26 0.00237637 0.0176319 0.0783395 0.258366 0.643286 
439218: 0.752997 0.817283 0.182717 0 0 0 
80109: 73.6907 0.0341043 0.0882246 0.157018 0.296091 0.424562 
154028: 3.4228 0.69381 0.259957 0.0462327 0 0 
513794: 4.85376 0.612129 0.336651 0.0424446 0.00877505 0 
29134: 2.15687 0.930023 0.0699772 0 0 0 
378108: 0.737737 0.811049 0.188951 0 0 0 
234457: 143.036 0.138216 0.220893 0.339336 0.211297 0.0902582 
151568: 3.71921 0.010508 0.0373051 0.20017 0.337796 0.414221 
298233: 1.47969 0.704092 0.295908 0 0 0 
291856: 0.976835 0.86638 0.13362 0 0 0 
37010: 158.618 0.00462361 0.0734027 0.144641 0.249672 0.527661 
572266: 0.328337 1 0 0 0 0 
64975: 0.321968 1 0 0 0 0 
145004: 21.7441 0.137823 0.21973 0.367278 0.191071 0.0840981 
634042: 112.295 0.0653555 0.101369 0.157149 0.253444 0.422682 
645888: 1.6919 0.816593 0.183407 0 0 0 
597504: 0.127478 1 0 0 0 0 
378350: 1.62984 0.627829 0.34564 0.0265316 0 0 
43602: 0.107334 1 0 0 0 0 
76511: 30.8309 0.227512 0.350998 0.263691 0.118132 0.0396671 
439922: 9.50987 0.252433 0.565635 0.158557 0.0200752 0.00330035 
259093: 16.0313 0.061913 0.0943002 0.0374905 0.420314 0.385983 
110635: 82.5342 0.0284015 0.106951 0.212935 0.318321 0.333392 
454227: 0.966011 1 0 0 0 0 
128712: 5.87394 0.527463 0.312242 0.140707 0.0195884 0 
166149: 0.606233 1 0 0 0 0 
366848: 0.579438 1 0 0 0 0 
13739: 2184.37 0.000647611 0.00850796 0.058052 0.226011 0.706782 
97179: 2.03666 0.0401264 0.151588 0.340512 0.271575 0.196198 
152011: 0.0399244 1 0 0 0 0 
182616: 2.48805 0.317367 0.326164 0.151524 0.154884 0.0500613 
435803: 0.380362 1 0 0 0 0 
314130: 8.30555 0.286233 0.357056 0.160029 0.173528 0.0231537 
500680: 0.753529 1 0 0 0 0 
67378: 243.229 0.0224295 0.0646011 0.160965 0.285785 0.466219 
420014: 2.10829 0.196158 0.133436 0.299555 0.240772 0.130078 
486635: 2.20262 0.587056 0.412944 0 0 0 
116753: 528.189 0.00158384 0.0241759 0.0458577 0.144422 0.783961 
49097: 5.61808 0.674023 0.269168 0.0418677 0.0147587 0.000182984 
420139: 0.723271 1 0 0 0 0 
327694: 4.95183 0.598457 0.361344 0.038962 0.00122368 1.30305e-05 
82094: 5.57979 0.409769 0.298989 0.120904 0.121734 0.0486056 
280126: 26.2888 0.0878031 0.287107 0.366757 0.205709 0.0526239 
81112: 23.47 0.126991 0.172042 0.281994 0.274873 0.1441 
284920: 0.845919 1 0 0 0 0 
341507: 67.6755 0.0806401 0.21126 0.295153 0.261648 0.151299 
218223: 0.206703 1 0 0 0 0 
18467: 4289.14 0.00240984 0.016512 0.0719139 0.229873 0.679291 
430615: 0.24895 1 0 0 0 0 
159441: 0.720892 1 0 0 0 0 
238861: 0.90278 0.670228 0.329772 0 0 0 
105557: 0.859366 1 0 0 0 0 
334681: 4.26282 0.269335 0.426986 0.166771 0.0922675 0.0446404 
477310: 0.968403 1 0 0 0 0 
388543: 0.639765 1 0 0 0 0 
513604: 0.537018 1 0 0 0 0 
115196: 3.57135 0.595021 0.326255 0.0787235 0 0 
141579: 1720.67 0.00347487 0.020168 0.0874105 0.26103 0.627916 
285057: 0.56175 1 0 0 0 0 
464621: 3.1473 0.58085 0.358781 0.0547613 0.00560859 0 
604559: 2.81594 0.432926 0.415403 0.129202 0.0224687 0 
421517: 3.33629 0.617454 0.304423 0.0781236 0 0 
494332: 0.353099 1 0 0 0 0 
148916: 5.67141 0.385213 0.494263 0.0713393 0.036334 0.0128511 
231802: 3.21798 0.919828 0.080172 0 0 0 
174805: 57.5392 0.0811688 0.146795 0.168893 0.26381 0.339334 
300490: 1.5193 0.730202 0.269798 0 0 0 
215677: 0.67353 1 0 0 0 0 
202845: 2.43867 0.5907 0.280407 0.128893 0 0 
63244: 261.213 0.00894103 0.0521686 0.135103 0.297338 0.506449 
100392: 52.1734 0.0707123 0.0958434 0.127186 0.244279 0.461979 
463625: 1.07221 0.942851 0.0571493 0 0 0 
78269: 1.86633 0.36118 0.63882 0 0 0 
423521: 0.0833832 1 0 0 0 0 
65525: 9.65052 0.0556075 0.408138 0.27975 0.174404 0.0821014 
82396: 94.1298 0.00935624 0.0154024 0.0933161 0.296333 0.585592 
544948: 1.59461 0.716998 0.283002 0 0 0 
488790: 0.669112 1 0 0 0 0 
16266: 3917.96 0.00085895 0.00310114 0.0287685 0.166448 0.800824 
197514: 1.23406 1 0 0 0 0 
468090: 0.420177 1 0 0 0 0 
95364: 0.321059 1 0 0 0 0 
312158: 0.454462 1 0 0 0 0 
275678: 1.79411 0.481549 0.507276 0.0111751 0 0 
97699: 0.553837 1 0 0 0 0 
269797: 0.897103 1 0 0 0 0 
484275: 0.76301 1 0 0 0 0 
521597: 10.9648 0.14777 0.182476 0.0286376 0.131766 0.50935 
186694: 0.238352 1 0 0 0 0 
10205: 8582.18 0.000598816 0.00714025 0.0275459 0.136968 0.827747 
495422: 0.151294 1 0 0 0 0 
38216: 61.6064 0.133045 0.34125 0.270179 0.129086 0.12644 
571023: 1.06001 0.868551 0.131449 0 0 0 
461019: 0.9301 0.783304 0.216696 0 0 0 
586095: 0.397763 0.38529 0.61471 0 0 0 
246051: 85.6699 0.0471113 0.110187 0.146028 0.249056 0.447618 
40766: 1029.34 0.0161652 0.0657687 0.168595 0.300066 0.449405 
101586: 5.89294 0.374588 0.345845 0.224624 0.0549424 0 
313794: 0.401332 1 0 0 0 0 
386587: 0.856741 1 0 0 0 0 
366752: 0.232721 1 0 0 0 0 
300236: 1.23374 0.660425 0.339575 0 0 0 
279448: 3.80444 0.450172 0.413085 0.136743 0 0 
435492: 0.908018 0.584141 0.355298 0.0605613 0 0 
145462: 9.25392 0.232166 0.453529 0.209297 0.0870238 0.0179835 
489760: 4.15469 0.546329 0.402937 0.0507343 0 0 
525072: 1.04209 0.993032 0.00696778 0 0 0 
189237: 45.8549 0.0155702 0.0916866 0.14371 0.208847 0.540186 
108398: 284.816 0.0303152 0.0884724 0.146272 0.260586 0.474355 
138784: 10.5206 0.0889167 0.320631 0.455521 0.0936629 0.0412687 
30710: 189.1 0.0480666 0.0704478 0.145732 0.256954 0.4788 
556673: 0.428701 1 0 0 0 0 
596722: 0.187304 0.963259 0.0367408 0 0 0 
17208: 2755.75 0.00103747 0.013805 0.0530364 0.206479 0.725642 
565223: 0.534741 1 0 0 0 0 
21189: 313.643 0.00954301 0.0388285 0.14008 0.298323 0.513226 
127294: 25.13 0.282997 0.355862 0.238454 0.110846 0.0118411 
34382: 751.926 0.0198398 0.10244 0.207963 0.288302 0.381456 
223880: 13.4169 0.206181 0.45781 0.252762 0.0740011 0.00924602 
600894: 3.3322 0.549719 0.359155 0.0911266 0 0 
6553: 0.781137 1 0 0 0 0 
369170: 0.0581141 1 0 0 0 0 
4007: 153707 0.000381361 0.0041075 0.027562 0.155865 0.812085 
337444: 1.72568 0.864974 0.135026 0 0 0 
134349: 5.41336 0.0564812 0.162013 0.227755 0.271681 0.282069 
374804: 1.33793 0.942163 0.057837 0 0 0 
101773: 1.92051 0.606736 0.393264 0 0 0 
263640: 2.61824 0.685401 0.202701 0.103981 0.00791709 0 
9852: 76.9156 0.0254371 0.122323 0.186844 0.248599 0.416797 
267583: 0.416935 0.876232 0.123768 0 0 0 
23491: 467.828 0.0014505 0.0151836 0.0950533 0.273307 0.615005 
242127: 0.253273 1 0 0 0 0 
629920: 0.616468 1 0 0 0 0 
138807: 18.4006 0.160356 0.234566 0.237801 0.183775 0.183501 
484542: 1.6981 0.647747 0.352253 0 0 0 
439974: 13.9158 0.0920045 0.19668 0.303414 0.277396 0.130506 
101489: 106.306 0.00804929 0.0328351 0.104985 0.274782 0.579349 
204977: 2.2763 0.222729 0.353321 0.292365 0.103191 0.0283933 
18531: 12588 0.00129255 0.0114766 0.0554743 0.215092 0.716665 
70714: 0.905363 1 0 0 0 0 
592658: 13.9977 0.0775207 0.135624 0.18563 0.264809 0.336417 
181579: 5.04184 0.286419 0.452193 0.225626 0.0355404 0.00022157 
16957: 6580.69 0.00126047 0.00845591 0.0465532 0.197397 0.746333 
349694: 1.08702 0.945257 0.0547431 0 0 0 
95192: 53.7031 0.0112337 0.0213432 0.17454 0.310166 0.482717 
356326: 3.05013 0.0948719 0.218964 0.238663 0.213476 0.234025 
580543: 0.767057 1 0 0 0 0 
632406: 0.737986 1 0 0 0 0 
4243: 17163.9 0.000838821 0.00474547 0.0249867 0.14443 0.824999 
496246: 65.121 0.0280667 0.079651 0.141859 0.287699 0.462725 
143661: 622.988 0.0154179 0.0577282 0.157178 0.3072 0.462476 
177042: 1.44554 0.635539 0.364461 0 0 0 
514792: 0.203024 1 0 0 0 0 
550203: 0.158357 1 0 0 0 0 
22667: 1219.83 0.00288273 0.0193249 0.0756311 0.223706 0.678455 
84949: 0.532041 0.673749 0.174415 0.151836 0 0 
517072: 0.999863 0.41292 0.581824 0.00525525 0 0 
26531: 2431.61 0.0029524 0.0186254 0.0674157 0.235874 0.675133 
631541: 0.719836 1 0 0 0 0 
391248: 0.338331 1 0 0 0 0 
118083: 3.8772 0.634668 0.192995 0.115374 0.0569632 0 
19218: 367.459 0.00353277 0.0249164 0.0666606 0.204054 0.700836 
591580: 3.14757 0.355098 0.495073 0.149829 0 0 
293567: 2.25369 0.435978 0.523148 0.0408739 0 0 
392088: 0.251509 1 0 0 0 0 
174931: 6.35743 0.279409 0.293752 0.243292 0.100985 0.0825631 
440306: 6.44687 0.13644 0.427297 0.352314 0.0836504 0.000297941 
526538: 2.79685 0.749202 0.168726 0.0362585 0.0233233 0.0224903 
518074: 0.0804748 1 0 0 0 0 
439626: 0.0855373 1 0 0 0 0 
347639: 1.12789 0.744418 0.255582 0 0 0 
13014: 5486.6 0.00233535 0.0125897 0.0486964 0.189628 0.74675 
418866: 0.98015 0.674512 0.325488 0 0 0 
553259: 1.61118 0.895028 0.103398 0.00157408 0 0 
6968: 987.586 0.00343682 0.015749 0.0797095 0.25187 0.649234 
176018: 2.14883 0.817391 0.179855 0.00275403 0 0 
235140: 1.55433 0.160174 0.201903 0.252902 0.237178 0.147843 
113361: 0.509689 1 0 0 0 0 
70982: 950.953 0.00889497 0.0423137 0.115828 0.271309 0.561655 
181442: 0.859545 1 0 0 0 0 
123673: 1.11643 0.246578 0.309472 0.265778 0.176262 0.00190977 
50583: 0.767262 1 0 0 0 0 
473722: 3.27661 0.714762 0.226585 0.0537286 0.00492478 0 
341982: 3.29795 0.22929 0.529683 0.216374 0.0246529 0 
50286: 1.57908 0.0754665 0.161573 0.216541 0.273694 0.272725 
44159: 582.729 0.00910064 0.0465141 0.147613 0.276079 0.520693 
197092: 2.30766 0.323637 0.339641 0.249226 0.087496 0 
177658: 0.183481 1 0 0 0 0 
215141: 265.854 0.0134658 0.0569316 0.160024 0.303074 0.466505 
313529: 0.446256 1 0 0 0 0 
261915: 1.09416 0.637354 0.362646 0 0 0 
376121: 0.943225 1 0 0 0 0 
379847: 1.82358 0.669439 0.328854 0.00170714 0 0 
649172: 0.671065 1 0 0 0 0 
630206: 0.763394 1 0 0 0 0 
189640: 9.52555 0.0845842 0.174701 0.30596 0.311905 0.12285 
168267: 1.96246 0.824915 0.175085 0 0 0 
44479: 9.72065 0.259459 0.439552 0.211515 0.0894736 0 
585080: 0.177904 0.902784 0.0972164 0 0 0 
70135: 1.92432 0.784999 0.215001 0 0 0 
292521: 2.20765 0.870601 0.129399 0 0 0 
159940: 0.602049 1 0 0 0 0 
226428: 0.280247 0.835192 0.164808 0 0 0 
463560: 0.976415 1 0 0 0 0 
51148: 7137.1 0.00397473 0.0215108 0.0862149 0.25858 0.629719 
222077: 0.948288 1 0 0 0 0 
38572: 290.599 0.00341172 0.0131105 0.0567095 0.219866 0.706902 
145818: 0.965871 0.323309 0.543693 0.132997 0 0 
551427: 7.54823 0.40604 0.417555 0.146799 0.0294953 0.000111014 
607406: 0.722147 0.907531 0.0924692 0 0 0 
229403: 0.933578 1 0 0 0 0 
256892: 0.043624 1 0 0 0 0 
109600: 3.46525 0.40096 0.492255 0.106785 0 0 
268214: 2.05089 0.809942 0.167552 0.0225064 0 0 
497921: 3.81589 0.263398 0.48287 0.230066 0.0192703 0.0043964 
213447: 1.41258 1 0 0 0 0 
177075: 2.47913 0.402545 0.597455 0 0 0 
354242: 0.366887 1 0 0 0 0 
452733: 12.4224 0.216301 0.241119 0.251284 0.200563 0.090733 
174899: 6.55792 0.465705 0.339654 0.120751 0.0560081 0.0178819 
232556: 0.92557 1 0 0 0 0 
251779: 0.916189 1 0 0 0 0 
229597: 5.13873 0.472965 0.433332 0.0937026 0 0 
413999: 4.12514 0.399172 0.36118 0.208985 0.0306633 0 
131780: 593.578 0.00817075 0.0258575 0.0618124 0.240309 0.663851 
544402: 30.427 0.161092 0.27543 0.289027 0.184126 0.0903256 
105458: 101.443 0.0403438 0.117962 0.188394 0.267785 0.385515 
557877: 0.571444 1 0 0 0 0 
396883: 9.52318 0.185481 0.285945 0.308686 0.163144 0.0567434 
350365: 0.772765 1 0 0 0 0 
180919: 11.2808 0.205617 0.304636 0.199635 0.223076 0.0670361 
332933: 1.06177 1 0 0 0 0 
195699: 82.2687 0.055415 0.0980991 0.18586 0.288794 0.371832 
595517: 0.312914 1 0 0 0 0 
135380: 14.1067 0.203037 0.270485 0.25518 0.201101 0.0701977 
597465: 34.0851 0.0589335 0.175111 0.319076 0.291632 0.155247 
224299: 1.76545 0.985812 0.0141883 0 0 0 
214199: 10.0387 0.357494 0.330467 0.176618 0.106827 0.028593 
381634: 0.0523295 1 0 0 0 0 
186315: 0.429473 1 0 0 0 0 
221249: 16.931 0.0835472 0.17386 0.34603 0.247914 0.148648 
646498: 0.628148 1 0 0 0 0 
36403: 77.5197 0.0184759 0.0529596 0.163189 0.345476 0.419899 
621077: 0.604452 1 0 0 0 0 
346570: 3.37861 0.715996 0.233074 0.05093 0 0 
38106: 2.22591 0.770674 0.229326 0 0 0 
278337: 0.85135 1 0 0 0 0 
137745: 2.98507 0.395866 0.433292 0.161673 0.00916945 0 
148911: 0.151057 1 0 0 0 0 
91733: 208.344 0.0127727 0.0794008 0.152063 0.278859 0.476905 
46717: 3337.47 0.00356018 0.0344368 0.1051 0.274603 0.5823 
95343: 251.454 0.0417698 0.0633478 0.206142 0.288517 0.400224 
542066: 3.20075 0.838574 0.138284 0.0231421 0 0 
45804: 20.5237 0.364156 0.309277 0.184748 0.0384973 0.103321 
219458: 2.26331 0.63934 0.302636 0.0580236 0 0 
18872: 10981.9 0.00061151 0.00462591 0.0297334 0.164631 0.800399 
337972: 0.242466 1 0 0 0 0 
159160: 0.962428 1 0 0 0 0 
47805: 304.215 0.0354828 0.0425531 0.125208 0.288206 0.50855 
159131: 1.84286 0.906564 0.0934364 0 0 0 
67173: 466.936 0.00790391 0.021526 0.0900351 0.249829 0.630706 
53618: 2615.67 0.00725795 0.0377973 0.123222 0.270142 0.561581 
240463: 1.95487 0.670684 0.329316 0 0 0 
641121: 0.959134 1 0 0 0 0 
67773: 16.622 0.197838 0.522839 0.20839 0.0527521 0.0181804 
212085: 17.5148 0.0761376 0.211978 0.299784 0.271185 0.140915 
433267: 0.116376 1 0 0 0 0 
343986: 0.0826548 1 0 0 0 0 
219752: 1.38319 0.814212 0.185788 0 0 0 
227858: 3.23583 0.43974 0.317045 0.205343 0.0378722 0 
93613: 1.30442 0.0638958 0.15385 0.355999 0.200331 0.225925 
637408: 117.115 0.0430097 0.145028 0.229898 0.302052 0.280013 
546815: 1.12648 0.989744 0.0102556 0 0 0 
406897: 5.55343 0.279242 0.349203 0.312028 0.0595267 0 
253946: 0.725091 1 0 0 0 0 
102594: 63.7295 0.222416 0.216241 0.158368 0.186802 0.216173 
108055: 525.085 0.00411086 0.0308876 0.119159 0.290903 0.55494 
460136: 0.154421 1 0 0 0 0 
366403: 12.8384 0.326153 0.459886 0.18664 0.0260175 0.00130282 
166408: 3.10297 0.315598 0.504116 0.180286 0 0 
335744: 1.65804 0.647585 0.216745 0.115209 0.0167142 0.00374786 
339708: 0.273486 1 0 0 0 0 
569226: 0.376698 1 0 0 0 0 
15755: 106075 0.00045619 0.00393851 0.0251602 0.143679 0.826766 
469515: 0.903603 1 0 0 0 0 
235436: 1.8768 0.655317 0.297561 0.0471219 0 0 
292257: 6.2282 0.298584 0.397259 0.228557 0.0631865 0.0124127 
388215: 115.134 0.00398195 0.0101371 0.0714283 0.263195 0.651257 
486895: 4.54624 0.0884606 0.279991 0.165231 0.266399 0.199918 
189955: 6.34171 0.133058 0.417981 0.35738 0.0840071 0.00757401 
325146: 2.05729 0.787253 0.212747 0 0 0 
177816: 0.559551 1 0 0 0 0 
575124: 0.508206 1 0 0 0 0 
80430: 7868.77 0.0028375 0.0186212 0.0755239 0.240291 0.662727 
591362: 0.825856 1 0 0 0 0 
197005: 3.38994 0.247845 0.213721 0.238861 0.299573 0 
444160: 1.7545 1 0 0 0 0 
351852: 0.694976 1 0 0 0 0 
428668: 0.150862 1 0 0 0 0 
535970: 0.438064 1 0 0 0 0 
93569: 548.721 0.0101823 0.0457078 0.151272 0.310744 0.482094 
428041: 0.826414 0.635656 0.364344 0 0 0 
538086: 0.473115 1 0 0 0 0 
336314: 0.406177 0.226235 0.484906 0.257107 0.0317526 0 
346688: 3.9916 0.756612 0.243388 0 0 0 
498838: 1865.86 0.00617242 0.0330569 0.117473 0.291957 0.551341 
40603: 12.4673 0.147634 0.200259 0.327961 0.263175 0.0609713 
65141: 2.64245 0.771314 0.0669862 0.0719532 0.0222583 0.067488 
449324: 2.37602 0.198689 0.65546 0.132949 0.0129017 0 
612926: 0.666977 1 0 0 0 0 
149868: 38.015 0.0726676 0.133931 0.198101 0.26781 0.32749 
522269: 0.515135 1 0 0 0 0 
88908: 1.71799 0.770129 0.212445 0.0174266 0 0 
425516: 2.88114 0.714716 0.277653 0.00763106 0 0 
379472: 64.0517 0.122486 0.21338 0.272006 0.229466 0.162662 
247414: 4.86179 0.717558 0.248167 0.0342697 2.4222e-06 3.05852e-06 
175055: 1.88907 0.251829 0.37615 0.27982 0.0856745 0.00652528 
168750: 1.85529 0.620689 0.379311 0 0 0 
131250: 0.690283 1 0 0 0 0 
428005: 0.708308 0.83497 0.16503 0 0 0 
54717: 0.803862 1 0 0 0 0 
376641: 1.35593 0.883901 0.107858 0.00824121 0 0 
43090: 24.7587 0.0881548 0.042038 0.079439 0.273233 0.517136 
23047: 918.447 0.0011797 0.010738 0.0622493 0.212577 0.713256 
550668: 0.677919 0.866799 0.133201 0 0 0 
470478: 0.086648 1 0 0 0 0 
373292: 5.73251 0.232453 0.21799 0.228131 0.17832 0.143106 
645592: 0.828017 0.836038 0.163962 0 0 0 
244030: 2.35437 0.420434 0.425041 0.154525 0 0 
493205: 0.0951149 1 0 0 0 0 
190759: 0.423495 0.580399 0.419601 0 0 0 
45450: 60.6762 0.0665352 0.0653613 0.16398 0.286637 0.417487 
571816: 4.91978 0.313365 0.373721 0.284824 0.0280903 0 
853: 2384.43 0.00359658 0.0128183 0.0541684 0.21472 0.714697 
140046: 0.79097 1 0 0 0 0 
515159: 1.49247 0.556411 0.443589 0 0 0 
539711: 0.0368565 0.304321 0.561795 0.133884 0 0 
575282: 29.5466 0.125289 0.257141 0.296893 0.222174 0.0985041 
636462: 1.33603 0.909812 0.0901883 0 0 0 
506643: 2.47654 0.550864 0.39952 0.0474358 0.00218105 0 
104259: 8.60632 0.221741 0.423663 0.215044 0.0932053 0.0463457 
7245: 16474.6 0.00198201 0.0130897 0.0502669 0.184641 0.75002 
140861: 2068.98 0.00310522 0.0231957 0.0928672 0.262208 0.618624 
261502: 4.2014 0.427901 0.410559 0.153767 0.00777275 0 
114714: 194.988 0.0401299 0.0732169 0.108187 0.204431 0.574035 
492919: 0.144425 1 0 0 0 0 
625320: 7.78699 0.511095 0.327987 0.12875 0.0308561 0.00131249 
243024: 74.0548 0.125778 0.233752 0.275334 0.236793 0.128343 
387091: 0.696475 1 0 0 0 0 
138758: 384.251 0.0133105 0.063738 0.158965 0.307756 0.45623 
361556: 1.61828 0.694369 0.202691 0.0832002 0.0183643 0.00137454 
637478: 2.42908 0.538064 0.432855 0.029081 0 0 
622780: 7.91606 0.327719 0.353798 0.255072 0.061654 0.00175758 
290505: 0.664239 1 0 0 0 0 
48995: 273.905 0.0251415 0.0599918 0.160419 0.282723 0.471724 
513164: 0.78259 1 0 0 0 0 
115368: 0.364263 1 0 0 0 0 
559666: 0.356278 1 0 0 0 0 
189105: 21.2005 0.282426 0.248405 0.199771 0.147242 0.122155 
53463: 11.5422 0.406782 0.338267 0.167114 0.0557437 0.0320925 
370677: 4.58011 0.227331 0.455466 0.28501 0.0314895 0.000703757 
504460: 0.295311 1 0 0 0 0 
548296: 0.443897 1 0 0 0 0 
77152: 3.99259 0.285476 0.303391 0.250611 0.130145 0.0303772 
15051: 8910.78 0.000266832 0.00319478 0.0335412 0.190126 0.772871 
31114: 12691.4 0.00064265 0.00509278 0.0285329 0.145993 0.819739 
84997: 9.86006 0.27609 0.263456 0.167865 0.159942 0.132647 
152772: 72.2911 0.0721515 0.181401 0.2353 0.245352 0.265796 
20456: 2094.07 0.00187444 0.00715468 0.0449784 0.171405 0.774588 
164788: 117.723 0.0679173 0.23162 0.28447 0.260785 0.155208 
576: 8.24118 0.0425361 0.0606903 0.0880533 0.347784 0.460936 
454298: 0.0565044 1 0 0 0 0 
64280: 731.792 0.00363783 0.0173537 0.0703611 0.18912 0.719528 
123193: 34.9225 0.0967221 0.126144 0.247727 0.279729 0.249678 
534808: 35.3837 0.10439 0.187616 0.292193 0.245748 0.170053 
370822: 2.40682 0.351881 0.606024 0.0420952 0 0 
451096: 1.51013 0.601355 0.317563 0.0810824 0 0 
458243: 0.87465 1 0 0 0 0 
294384: 15.7536 0.204471 0.326077 0.254954 0.133091 0.0814056 
325507: 93.5129 0.0811163 0.117999 0.209007 0.286837 0.305041 
442115: 0.0664947 1 0 0 0 0 
572763: 6.94187 0.251968 0.418944 0.235158 0.0876534 0.0062766 
89330: 9.28934 0.228039 0.117543 0.108335 0.199533 0.34655 
32873: 67.5528 0.0114658 0.0421276 0.0884908 0.2719 0.586016 
364059: 1.29094 0.363525 0.584034 0.0524405 0 0 
501517: 0.668408 1 0 0 0 0 
23398: 16349.6 0.00085795 0.00456637 0.0186116 0.0961283 0.879836 
111534: 0.887034 1 0 0 0 0 
336218: 6.88695 0.0475807 0.213443 0.301319 0.277836 0.159822 
226421: 4.83581 0.18942 0.431913 0.280204 0.0977522 0.000711046 
202524: 15.2836 0.298111 0.310185 0.18712 0.0983767 0.106208 
6070: 21344.3 0.000375269 0.00697469 0.0459281 0.199306 0.747416 
571477: 42.9426 0.0507958 0.207845 0.302751 0.266629 0.17198 
624564: 0.339803 0.570427 0.429573 0 0 0 
448512: 2.6274 0.418546 0.559388 0.0220664 0 0 
570322: 3.889 0.518431 0.344027 0.116336 0.0163259 0.00488012 
391671: 7.02099 0.322938 0.441324 0.206174 0.0295639 0 
641431: 0.15167 1 0 0 0 0 
385240: 1.93401 0.580827 0.381798 0.0365928 0.000782012 0 
614838: 0.023437 1 0 0 0 0 
221768: 1.72593 0.773207 0.226793 0 0 0 
549013: 1.19752 0.504662 0.466698 0.0286399 0 0 
340895: 8.18631 0.0916334 0.415756 0.333358 0.118278 0.0409743 
429370: 1.45102 0.689252 0.310748 0 0 0 
51192: 1020.48 0.0210303 0.0485559 0.116917 0.254559 0.558937 
14575: 5644.24 0.000855943 0.00723019 0.0398169 0.187708 0.764389 
154657: 0.874536 0.731387 0.268613 0 0 0 
114388: 86.6752 0.0700377 0.12015 0.237433 0.301504 0.270877 
370312: 0.557298 1 0 0 0 0 
175570: 3.77274 0.990669 0.00933053 0 0 0 
125420: 414.046 0.0265792 0.106726 0.20409 0.301594 0.361011 
284837: 0.733802 1 0 0 0 0 
322838: 0.0417224 1 0 0 0 0 
283903: 125.182 0.0203159 0.0887708 0.204022 0.302816 0.384075 
573859: 2.26014 0.769633 0.230367 0 0 0 
396687: 4.61569 0.516331 0.406719 0.0769506 0 0 
28997: 401.702 0.00713014 0.024512 0.0968051 0.260391 0.611161 
638857: 1.35447 0.654161 0.345839 0 0 0 
650287: 1.25266 0.789455 0.210545 0 0 0 
209184: 0.320148 1 0 0 0 0 
150109: 5.17145 0.268632 0.367021 0.195769 0.124618 0.0439601 
550678: 14.6993 0.27522 0.364647 0.242407 0.0911477 0.0265772 
471809: 1.61865 0.411508 0.249887 0.338605 0 0 
13314: 23.2401 0.0378929 0.0308766 0.280969 0.27552 0.374741 
541601: 0.470655 1 0 0 0 0 
638791: 2.20808 0.830972 0.169028 0 0 0 
110697: 229.364 0.0754892 0.145806 0.193201 0.260521 0.324982 
15600: 26101 0.000830539 0.00580765 0.0337834 0.172191 0.787387 
179009: 22.1877 0.170346 0.329987 0.305165 0.142617 0.0518845 
488905: 0.815584 1 0 0 0 0 
143118: 10.9954 0.296429 0.366258 0.246209 0.0809756 0.0101279 
223006: 1.89047 0.827801 0.172199 0 0 0 
347915: 0.361867 1 0 0 0 0 
598028: 3.31551 0.511497 0.406323 0.0821805 0 0 
237238: 3.09783 0.597401 0.360604 0.041995 0 0 
513981: 0.211612 1 0 0 0 0 
165287: 12.0207 0.526594 0.335041 0.118449 0.0199164 0 
494005: 0.690664 0.368935 0.488825 0.14224 0 0 
344481: 0.0437992 1 0 0 0 0 
156356: 1.02467 0.749568 0.250432 0 0 0 
15890: 6013.29 0.00147269 0.0124639 0.0564005 0.200644 0.729019 
157065: 4.79998 0.00601294 0.101646 0.167335 0.284426 0.44058 
37408: 73.7679 0.116138 0.156849 0.172116 0.24422 0.310677 
98331: 0.182173 1 0 0 0 0 
294757: 0.88179 1 0 0 0 0 
450162: 3.69756 0.477566 0.429706 0.0731132 0.0181729 0.00144217 
48966: 20.738 0.0832036 0.0720343 0.145104 0.295898 0.40376 
1500: 5870.12 0.000143095 0.00216999 0.0222163 0.14689 0.828581 
66497: 15.7909 0.100214 0.183083 0.247684 0.22454 0.244479 
242922: 11107.6 0.00406912 0.0131129 0.053015 0.209858 0.719945 
86183: 12.8747 0.00962975 0.0244939 0.0999695 0.317643 0.548264 
365577: 0.987853 1 0 0 0 0 
38429: 3132.37 0.000552249 0.0135317 0.064136 0.230978 0.690802 
115679: 1.18461 0.404818 0.303297 0.0998022 0.11017 0.0819136 
229004: 1.15717 0.329635 0.514178 0.156188 0 0 
154697: 4.02281 0.573663 0.369626 0.0540558 0.00265555 0 
570301: 5.08483 0.432519 0.400711 0.142911 0.0238584 0 
186684: 194.543 0.00716922 0.0171624 0.0688206 0.236287 0.670561 
324668: 1.69322 0.757925 0.242075 0 0 0 
112419: 13.7115 0.154407 0.118899 0.210261 0.23578 0.280653 
10837: 0.779803 1 0 0 0 0 
247452: 3.13999 0.3378 0.179842 0.303443 0.166619 0.0122967 
167931: 2.35655 0.540074 0.312262 0.147664 0 0 
396964: 2.94578 0.484837 0.35001 0.143075 0.0214423 0.000634762 
369219: 1.351 0.871226 0.128774 0 0 0 
634148: 0.857861 0.853489 0.146511 0 0 0 
14430: 6833.51 0.000663789 0.00592282 0.0508819 0.224362 0.718169 
207906: 0.712963 1 0 0 0 0 
585456: 0.866737 1 0 0 0 0 
390980: 0.796805 1 0 0 0 0 
225521: 0.355504 1 0 0 0 0 
100902: 2.48339 0.119036 0.0433666 0.116661 0.246401 0.474536 
302446: 0.158022 0.993452 0.00654846 0 0 0 
247226: 1.63641 0.535722 0.464278 0 0 0 
256556: 0.701398 1 0 0 0 0 
294572: 0.993479 1 0 0 0 0 
94763: 0.27449 1 0 0 0 0 
57855: 123.274 0.0210691 0.063552 0.177018 0.300005 0.438355 
627545: 1.36746 0.747923 0.252077 0 0 0 
49758: 0.305335 0.846916 0.153084 0 0 0 
107289: 13.9529 0.0649615 0.266566 0.306488 0.227549 0.134437 
124810: 0.401505 1 0 0 0 0 
239692: 0.151869 1 0 0 0 0 
257821: 0.952808 1 0 0 0 0 
522699: 0.789943 0.716895 0.283105 0 0 0 
435609: 1.89018 0.937226 0.0627743 0 0 0 
638079: 18.1336 0.1901 0.342858 0.293195 0.136724 0.0371234 
23798: 19472.9 0.000141548 0.00347703 0.022326 0.149413 0.824643 
248285: 1.01806 0.946562 0.0534379 0 0 0 
417468: 0.48782 1 0 0 0 0 
2749: 16734.8 4.7062e-05 0.00048534 0.0159625 0.136166 0.847339 
318130: 0.45452 1 0 0 0 0 
189286: 20.0315 0.24402 0.33939 0.226065 0.136394 0.0541303 
359070: 0.307292 1 0 0 0 0 
212500: 0.426242 1 0 0 0 0 
262348: 3.13583 0.81735 0.18265 0 0 0 
230289: 3.18483 0.901483 0.0964248 0.00209259 0 0 
216966: 0.915491 0.805649 0.194351 0 0 0 
393216: 2.07878 0.808531 0.191469 0 0 0 
125995: 42.3039 0.0121235 0.0969438 0.283588 0.324864 0.28248 
247132: 29.2285 0.0592269 0.304712 0.31992 0.220824 0.095317 
8628: 1.66811 0.599306 0.400694 0 0 0 
343036: 2.91861 0.594422 0.405578 0 0 0 
140375: 883.116 0.00993799 0.0509454 0.120475 0.256722 0.561919 
82112: 83.1507 0.0373491 0.191841 0.243421 0.279319 0.24807 
985: 19972.7 0.000281967 0.00316701 0.0254875 0.157624 0.81344 
61753: 0.979453 1 0 0 0 0 
402130: 0.427945 1 0 0 0 0 
62549: 0.993358 1 0 0 0 0 
184638: 0.858245 1 0 0 0 0 
24907: 215.302 0.00812914 0.0314995 0.12172 0.284195 0.554456 
122786: 2.55012 0.855177 0.144823 0 0 0 
372941: 0.660017 1 0 0 0 0 
536193: 1.65912 0.600798 0.399202 0 0 0 
550650: 0.264407 1 0 0 0 0 
320431: 1.27713 0.6558 0.3442 0 0 0 
380486: 3.79892 0.457862 0.542138 0 0 0 
207637: 0.797583 0.843904 0.156096 0 0 0 
287471: 0.607151 1 0 0 0 0 
127397: 0.0105681 1 0 0 0 0 
152640: 2.01835 0.305904 0.18489 0.383971 0.121974 0.0032619 
155600: 22.9629 0.231639 0.247364 0.309487 0.152534 0.0589761 
156475: 0.0109468 1 0 0 0 0 
155099: 9.29614 0.193897 0.404884 0.308323 0.0803193 0.0125765 
23135: 16598.6 0.00526633 0.022676 0.0738389 0.220065 0.678154 
50480: 811.517 0.0151304 0.0715765 0.162043 0.276406 0.474844 
565055: 5.55697 0.599714 0.33336 0.0598865 0.00675078 0.000288079 
90558: 10.683 0.0195098 0.0634578 0.217739 0.296288 0.403006 
141544: 6.66583 0.197478 0.299761 0.125588 0.208051 0.169122 
338010: 22.2066 0.136578 0.265428 0.28945 0.210203 0.0983395 
452487: 0.462432 0.944781 0.055219 0 0 0 
317783: 3.19928 0.302488 0.484902 0.204064 0.00854608 0 
257186: 1.76694 0.636417 0.363583 0 0 0 
305950: 1.77062 0.41352 0.338829 0.223475 0.0241765 0 
93677: 73.0649 0.0294764 0.0423925 0.12206 0.298177 0.507895 
376730: 0.0384427 1 0 0 0 0 
267639: 13.9987 0.108749 0.416612 0.311414 0.120023 0.043202 
47885: 27.4322 0.0429201 0.11265 0.157309 0.294303 0.392818 
440306: 6.44687 0.13644 0.427297 0.352314 0.0836504 0.000297941 
136548: 11.5654 0.304666 0.393432 0.230629 0.0593135 0.0119587 
334658: 38.5152 0.0438443 0.251181 0.301128 0.236466 0.167381 
430696: 0.125599 1 0 0 0 0 
488705: 50.1011 0.094769 0.214577 0.292708 0.243398 0.154548 
624850: 0.501608 1 0 0 0 0 
267704: 0.433204 1 0 0 0 0 
325592: 44.5819 0.24354 0.359461 0.256686 0.111982 0.0283306 
320351: 0.776875 1 0 0 0 0 
357467: 0.189826 1 0 0 0 0 
245987: 2.46492 0.353993 0.646007 0 0 0 
137319: 1.03277 0.565561 0.434439 0 0 0 
217672: 5.71956 0.423983 0.48067 0.0953469 0 0 
362371: 3.31906 0.957537 0.0424626 0 0 0 
204587: 539.149 0.0111916 0.0668544 0.186207 0.311808 0.423939 
393111: 0.102506 0.551312 0.448688 0 0 0 
72240: 32.9603 0.00869198 0.0891672 0.10916 0.252272 0.540709 
457471: 1.44492 0.589948 0.014451 0.215281 0.125427 0.0548928 
83166: 1.27821 0.731209 0.268791 0 0 0 
352321: 0.449467 0.91357 0.0864299 0 0 0 
340339: 0.822229 1 0 0 0 0 
310978: 0.704416 1 0 0 0 0 
597213: 19.4122 0.237332 0.273668 0.288613 0.153559 0.0468281 
286726: 0.415147 1 0 0 0 0 
212890: 2.96825 0.716146 0.215794 0.0446886 0.0119443 0.0114273 
397883: 2.34425 0.501595 0.391763 0.105024 0.00161866 0 
126200: 0.373774 1 0 0 0 0 
284683: 0.717773 1 0 0 0 0 
110919: 154.334 0.014781 0.100142 0.256298 0.316293 0.312485 
571454: 89.1586 0.0591165 0.144091 0.247256 0.291948 0.257589 
362253: 1.39251 0.789263 0.210737 0 0 0 
142571: 14.4266 0.0247177 0.228756 0.329766 0.227232 0.189528 
575636: 2.16987 0.834744 0.165256 0 0 0 
44232: 2.52726 0.577925 0.405989 0.016086 0 0 
93555: 28.2624 0.242234 0.36151 0.260137 0.100034 0.0360841 
348475: 0.865807 0.993711 0.0062887 0 0 0 
61157: 1155.26 0.00593907 0.0425805 0.151622 0.306385 0.493473 
558951: 0.667322 1 0 0 0 0 
137335: 4.19304 0.418606 0.442621 0.138773 0 0 
545431: 0.720891 1 0 0 0 0 
33761: 21285.7 0.000283149 0.00465216 0.03476 0.183791 0.776514 
276319: 0.674733 1 0 0 0 0 
559092: 2.07055 1 0 0 0 0 
313838: 4.51058 0.638141 0.215741 0.109098 0.0370208 0 
193286: 0.6621 1 0 0 0 0 
592318: 0.0915214 1 0 0 0 0 
445367: 0.416598 1 0 0 0 0 
9709: 43.9776 0.0274399 0.0768371 0.168174 0.267043 0.460506 
164274: 0.343487 0.828529 0.107011 0.06446 0 0 
638059: 11.3079 0.0680692 0.189455 0.292336 0.282819 0.16732 
236203: 6.67173 0.183153 0.249983 0.282134 0.127023 0.157708 
423380: 0.982845 1 0 0 0 0 
446060: 1.74458 0.944261 0.0557391 0 0 0 
215142: 131.728 0.0234452 0.121166 0.179967 0.293655 0.381766 
221844: 159.236 0.0438672 0.150466 0.284923 0.308692 0.212053 
352049: 1.33552 0.615732 0.384268 0 0 0 
90900: 437.701 0.0119653 0.056205 0.143789 0.276657 0.511383 
67142: 1241.3 0.00431921 0.0197733 0.0810439 0.243452 0.651411 
208001: 8.08082 0.2772 0.230831 0.225935 0.154993 0.111042 
459829: 9.10471 0.335311 0.402179 0.212703 0.0463472 0.00345956 
638331: 4.79787 0.162099 0.266467 0.424276 0.128508 0.0186493 
10910: 1.8876 0.841286 0.158714 0 0 0 
450294: 0.525239 0.955406 0.0445939 0 0 0 
546627: 0.694426 0.83756 0.16244 0 0 0 
470260: 3.79625 0.648235 0.329373 0.0223928 0 0 
186437: 0.0916173 1 0 0 0 0 
444213: 0.506628 1 0 0 0 0 
620048: 2.22729 0.576131 0.388705 0.0351643 0 0 
47931: 0.0246442 1 0 0 0 0 
352279: 0.747913 0.630587 0.369413 0 0 0 
29361: 24.1337 0.0612293 0.132399 0.237602 0.301145 0.267624 
634340: 6.63949 0.284444 0.420135 0.243103 0.0496252 0.0026931 
592468: 474.941 0.0205147 0.0633174 0.167104 0.309187 0.439878 
196850: 2.85312 0.0932692 0.0835203 0.156123 0.375726 0.291362 
420824: 1.1452 0.78515 0.21485 0 0 0 
164771: 38.3093 0.106164 0.250516 0.315073 0.214511 0.113736 
625478: 0.922156 1 0 0 0 0 
290934: 1.93773 0.994247 0.00575261 0 0 0 
355270: 4.66626 0.618619 0.342834 0.0384335 0.000113156 0 
185139: 233.623 0.0135587 0.0303967 0.0610808 0.194833 0.700131 
4215: 7.94237 0.0228462 0.0742302 0.12449 0.280032 0.498401 
201655: 0.432246 1 0 0 0 0 
132228: 0.271498 1 0 0 0 0 
643674: 0.149054 0.979201 0.0207995 0 0 0 
293317: 0.377142 0.490144 0.509856 0 0 0 
113235: 7.22704 0.161269 0.185687 0.227836 0.216328 0.208881 
76825: 4.75887 0.185222 0.291122 0.345661 0.13699 0.0410056 
472032: 18.0091 0.342416 0.355581 0.214946 0.0773738 0.00968285 
423594: 0.494276 1 0 0 0 0 
69448: 2914.68 0.00175362 0.0245493 0.105217 0.274648 0.593832 
273816: 10.3997 0.111454 0.257814 0.331132 0.218476 0.0811241 
234338: 3.79063 0.668875 0.28634 0.0436353 0.00114996 0 
1109: 72.3464 0.035604 0.1069 0.189119 0.284431 0.383946 
45656: 29.7885 0.0800213 0.160235 0.202966 0.283188 0.273589 
819: 0.768534 1 0 0 0 0 
37366: 1126.58 0.00117492 0.0144027 0.0685217 0.242866 0.673034 
50472: 31.7096 0.0238127 0.0772618 0.265513 0.314226 0.319186 
31888: 0.184284 1 0 0 0 0 
610063: 1.90213 0.822427 0.172565 0.00500848 0 0 
135026: 0.692401 1 0 0 0 0 
114429: 7.95241 0.557387 0.323096 0.118141 0.00137543 0 
49128: 1.74407 0.505378 0.494622 0 0 0 
136288: 37.6407 0.155904 0.20835 0.250028 0.19305 0.192667 
81452: 1.3387 1 0 0 0 0 
167612: 87.9581 0.0934299 0.232731 0.266101 0.230318 0.177419 
222514: 56.9413 0.136915 0.288088 0.306664 0.182318 0.0860155 
409331: 0.522532 1 0 0 0 0 
334664: 2507.56 0.00284728 0.0172885 0.0674873 0.23123 0.681147 
597275: 77134.6 0.000334644 0.00415785 0.0318196 0.178153 0.785535 
226649: 0.37146 0.962716 0.0372845 0 0 0 
616498: 0.392808 1 0 0 0 0 
82520: 2.82161 0.820912 0.158235 0.0208532 0 0 
348148: 0.1277 1 0 0 0 0 
2212: 1521.07 0.00135956 0.011669 0.0435432 0.15635 0.787078 
342442: 2.13667 0.606922 0.367711 0.0253668 0 0 
218956: 4.98191 0.222376 0.36929 0.182135 0.156949 0.069251 
644692: 0.634436 1 0 0 0 0 
100022: 2.87192 0.312119 0.434804 0.197091 0.0516167 0.00436913 
55427: 1063.52 0.0030836 0.0198544 0.0851697 0.257023 0.634869 
97621: 0.486728 0.983442 0.0165584 0 0 0 
69244: 795.275 0.00491364 0.0319497 0.104353 0.28455 0.574234 
300161: 1.64618 0.457147 0.495208 0.047645 0 0 
308985: 3.62057 0.0673222 0.160254 0.39225 0.300129 0.0800451 
630343: 1.67739 0.65981 0.34019 0 0 0 
606606: 0.675971 1 0 0 0 0 
26745: 4.3155 0.267056 0.231029 0.174425 0.156078 0.171412 
36909: 36.3951 0.0113116 0.0242269 0.0607351 0.187499 0.716227 
536044: 0.946873 1 0 0 0 0 
323411: 2.48335 0.406079 0.312804 0.168405 0.0881666 0.0245459 
647813: 0.716226 1 0 0 0 0 
422016: 1.36546 0.429562 0.212201 0.153354 0.162305 0.0425774 
573301: 0.889971 1 0 0 0 0 
156312: 0.567692 1 0 0 0 0 
46317: 125.773 0.0169274 0.0416737 0.128337 0.287542 0.52552 
567994: 2.13762 0.722359 0.277641 0 0 0 
171120: 0.56684 1 0 0 0 0 
636860: 0.961542 1 0 0 0 0 
417863: 0.719582 1 0 0 0 0 
252220: 17.8104 0.144794 0.222372 0.196997 0.226726 0.20911 
14034: 27052.7 0.000356492 0.00362999 0.0245229 0.138014 0.833476 
92944: 3.94137 0.321543 0.404074 0.210082 0.0589755 0.00532512 
543918: 51.5836 0.098126 0.176465 0.230651 0.245164 0.249594 
263594: 3.1711 0.490946 0.366079 0.101668 0.0413074 0 
546939: 1.98143 0.776232 0.223768 0 0 0 
47812: 30.1366 0.10926 0.186423 0.222672 0.258521 0.223125 
506898: 12.4656 0.0458413 0.18568 0.311512 0.279621 0.177345 
435616: 1.53298 0.787688 0.175083 0.0372297 0 0 
339732: 1.56317 0.851792 0.148208 0 0 0 
294278: 0.537079 1 0 0 0 0 
351705: 1.10476 0.997389 0.00261074 0 0 0 
