n = 3072441
m = 117185083
begin to read Graph...
readGraph Over...
begin to init vec....
init vec Over...
totoal time: 15.84
125741: 26.1329 0.45014 0.260304 0.158967 0.0910577 0.0395313 
217569: 18.3095 0.689445 0.235556 0.060541 0.0122308 0.00222694 
137663: 9.59677 0.388489 0.314555 0.18136 0.0847844 0.0308108 
305877: 6.26426 0.570425 0.32829 0.0809312 0.0170584 0.00329527 
323392: 6.55286 0.637956 0.300935 0.0465098 0.011521 0.00307795 
137122: 18.6069 0.233288 0.419573 0.21957 0.0925138 0.0350555 
107232: 34.0512 0.344099 0.243821 0.223144 0.128917 0.0600193 
378149: 1.13103 1 0 0 0 0 
241395: 3.31802 0.736093 0.220211 0.0378596 0.00500661 0.000829778 
227890: 92.4536 0.221165 0.376681 0.264728 0.109812 0.0276137 
224418: 76.6375 0.231254 0.413217 0.234911 0.092822 0.0277968 
238834: 0.850918 0.733684 0.23909 0.0237845 0.00299702 0.000443838 
23583: 10.7076 0.285566 0.460022 0.13777 0.0722419 0.0443995 
46688: 37.9847 0.184697 0.174946 0.228305 0.232411 0.179641 
92242: 17.6886 0.12629 0.293766 0.288312 0.189757 0.101874 
67707: 29.4616 0.167651 0.292421 0.267246 0.179963 0.0927189 
312560: 3.0565 0.8213 0.156239 0.0202058 0.00201887 0.000236401 
354584: 37.0781 0.294527 0.460091 0.199113 0.0401616 0.00610811 
365588: 0.0769231 1 0 0 0 0 
105828: 10.6278 0.380535 0.320481 0.188657 0.0812182 0.0291083 
316093: 0.875572 0.820668 0.146793 0.0275027 0.00384057 0.00119523 
377743: 11.3159 1 0 0 0 0 
162272: 4.28005 0.343712 0.38552 0.185943 0.0650622 0.0197632 
350840: 9.44943 0.279635 0.366075 0.232876 0.0931258 0.0282879 
8869: 64.4069 0.0508852 0.244305 0.266426 0.249556 0.188827 
400481: 1.15122 1 0 0 0 0 
128070: 7.08859 0.531535 0.275102 0.126218 0.0496855 0.0174593 
162080: 1.37484 0.343224 0.383959 0.208663 0.050057 0.0140977 
197915: 7.3716 0.458554 0.352577 0.139394 0.0402183 0.00925694 
297327: 10.9985 0.810231 0.157679 0.0244776 0.00642947 0.00118273 
403979: 0.924823 1 0 0 0 0 
322324: 1.00555 0.700028 0.228624 0.0621039 0.00834391 0.000900905 
295712: 26.6656 0.731244 0.120183 0.116508 0.0178653 0.0141993 
45405: 30.6676 0.0607424 0.240619 0.351565 0.225438 0.121635 
80596: 14.4138 0.128791 0.167211 0.260497 0.257369 0.186132 
205283: 4.28514 0.544328 0.349181 0.0784961 0.0230797 0.00491472 
218491: 5.96735 0.641527 0.270771 0.068092 0.0156857 0.00392508 
171689: 4.09695 0.151404 0.517238 0.240191 0.0735016 0.0176658 
292091: 0.666081 0.911165 0.0787546 0.00867372 0.00126694 0.00013969 
45829: 31.0498 0.163098 0.270742 0.267654 0.191201 0.107305 
15327: 49.7619 0.035481 0.0984474 0.231147 0.321037 0.313887 
307419: 86.2858 0.311753 0.286803 0.295191 0.0834569 0.022797 
280353: 5.52117 0.655054 0.290589 0.0391554 0.0123627 0.00283863 
196378: 2.04903 0.69404 0.189196 0.0927006 0.018884 0.00517891 
103572: 211.146 0.979321 0.018697 0.00187996 9.81148e-05 3.65329e-06 
196518: 2.34564 0.305043 0.352498 0.22773 0.088577 0.0261522 
111997: 1.13803 1 0 0 0 0 
368185: 7.75553 0.752824 0.236265 0.00939646 0.00146074 5.38563e-05 
66930: 22.8346 0.321868 0.306418 0.217134 0.108661 0.045919 
344837: 2.05449 0.708945 0.246154 0.0381847 0.00571388 0.00100186 
253274: 1.71722 0.51261 0.334989 0.113678 0.0319404 0.00678253 
136721: 21.771 0.417801 0.333777 0.156837 0.0671016 0.0244836 
168040: 0.852838 0.462264 0.245324 0.189708 0.0782839 0.0244194 
280037: 18.8 0.524283 0.307357 0.121031 0.036651 0.0106776 
82727: 6.48916 0.0948669 0.243102 0.378531 0.185224 0.0982756 
145262: 5.25246 0.619506 0.186255 0.119377 0.0528694 0.0219932 
70902: 19.7004 0.347463 0.267919 0.215604 0.11652 0.0524935 
81193: 3.95273 0.467951 0.298209 0.147505 0.0608781 0.0254574 
310241: 3.01353 0.759768 0.229488 0.00928349 0.0013205 0.000139937 
381144: 3.14759 0.983531 0.0162526 0.000200917 1.41648e-05 8.82265e-07 
391492: 0.550357 1 0 0 0 0 
175604: 24.5803 0.376617 0.422046 0.143469 0.0442812 0.0135875 
129304: 15.8336 0.410006 0.290573 0.176503 0.0911575 0.0317613 
147371: 10.1071 0.525554 0.318148 0.119277 0.0286496 0.0083708 
146885: 15.1481 0.955015 0.0349089 0.00713011 0.00227879 0.000667087 
381175: 7.61968 1 0 0 0 0 
23098: 284.173 0.0917413 0.261955 0.306702 0.220926 0.118675 
131918: 16.2322 0.173253 0.34664 0.262617 0.149683 0.0678072 
207340: 5.31559 0.560159 0.310328 0.0995692 0.0247942 0.00515004 
31010: 84.0231 0.128786 0.169428 0.224605 0.256437 0.220744 
148540: 14.4959 0.490436 0.34121 0.125222 0.0339404 0.00919206 
144926: 15.8993 0.55923 0.213134 0.0877229 0.11334 0.0265734 
372368: 2.88675 1 0 0 0 0 
68070: 22.5371 0.274786 0.300576 0.237794 0.124093 0.0627503 
360975: 44.0922 0.918479 0.0728333 0.00833096 0.000344687 1.19015e-05 
331653: 0.95012 0.660722 0.273332 0.06035 0.00513036 0.000465158 
387069: 0.76685 0.979604 0.0203959 0 0 0 
367405: 13.2599 0.732456 0.235119 0.0281652 0.00387763 0.000382179 
346493: 0.349243 1 0 0 0 0 
180639: 2.35725 0.398843 0.418452 0.133373 0.0390083 0.0103248 
213136: 8.02764 0.391725 0.440694 0.130477 0.031037 0.00606682 
175733: 22.7947 0.608088 0.254358 0.101216 0.028592 0.00774562 
159360: 7.57354 0.633994 0.172858 0.110801 0.0582396 0.0241078 
64772: 54.1332 0.143886 0.328272 0.268604 0.163432 0.095806 
248025: 21.9975 0.949568 0.0310378 0.0159277 0.00295065 0.000516017 
170017: 7.5913 0.607128 0.261686 0.0923775 0.0303069 0.00850224 
122594: 19.0419 0.258538 0.309933 0.252858 0.128072 0.0505999 
287893: 4.33619 0.722952 0.225538 0.0390707 0.00995563 0.00248372 
236879: 7.15799 0.558417 0.3543 0.0760038 0.00984992 0.0014292 
396239: 1.1775 0.934747 0.0581524 0.00690094 0.000192808 6.85533e-06 
220728: 8.70236 0.423926 0.376407 0.153044 0.0379247 0.00869914 
26922: 0.961737 0.913525 0.046002 0.0335416 0.00500496 0.00192622 
275018: 8.12784 0.778389 0.191248 0.0258893 0.00390036 0.000572753 
191198: 2.09419 0.435056 0.412638 0.110837 0.0325794 0.00888951 
78228: 10.9676 0.176673 0.252357 0.253356 0.197207 0.120406 
91615: 8.38832 0.390751 0.294354 0.215682 0.0743562 0.024857 
210068: 10.3132 0.662251 0.242848 0.0738593 0.0169641 0.00407854 
377152: 1.3987 0.95478 0.0352705 0.00855616 0.000965242 0.000427826 
231187: 10.8197 0.449548 0.349951 0.14889 0.0423418 0.00926904 
300302: 12.9836 0.737659 0.222053 0.0331694 0.00602046 0.00109786 
232455: 7.95583 0.824133 0.136669 0.0295752 0.00763745 0.00198571 
184069: 5.64024 0.409097 0.453091 0.107792 0.0247106 0.00530992 
279866: 12.1621 0.542734 0.288333 0.124717 0.0360499 0.00816637 
70773: 35.4206 0.271374 0.286319 0.23076 0.139388 0.0721592 
331506: 1.5017 0.754302 0.19943 0.0414762 0.00430664 0.000485131 
63962: 4.28214 0.343176 0.208411 0.233651 0.143882 0.07088 
37772: 22.9828 0.306423 0.250277 0.18655 0.150961 0.105788 
331359: 0.726197 0.861207 0.12737 0.0104929 0.000800602 0.00012932 
382958: 2.5817 1 0 0 0 0 
136501: 22.3119 0.264922 0.375756 0.220787 0.0985488 0.0399866 
251328: 5.37571 0.612907 0.289641 0.0779185 0.0162751 0.00325779 
33635: 73.3945 0.0720081 0.185189 0.261562 0.267072 0.214169 
144893: 6.74373 0.281123 0.347605 0.218722 0.107586 0.0449631 
372478: 0.445484 1 0 0 0 0 
40815: 67.622 0.084665 0.249732 0.283203 0.231738 0.150662 
323262: 2.51972 0.894045 0.105955 0 0 0 
34987: 47.6352 0.1147 0.165598 0.23824 0.261443 0.220019 
190561: 0.253827 0.858077 0.117315 0.021035 0.00321389 0.000359489 
144050: 0.994854 0.314353 0.51425 0.127215 0.0354402 0.00874185 
75802: 17.6796 0.292255 0.333251 0.203873 0.115427 0.0551945 
9277: 23.7864 0.158389 0.246773 0.222283 0.206196 0.166359 
40876: 33.5117 0.192677 0.39679 0.282178 0.103265 0.0250894 
311385: 5.67053 0.398705 0.454136 0.117898 0.0246939 0.00456793 
181907: 14.7468 0.369339 0.362447 0.187521 0.0623403 0.0183536 
127689: 2.04188 0.359686 0.31692 0.189878 0.0934872 0.0400287 
102984: 14.7697 0.294098 0.294799 0.224485 0.126899 0.0597186 
63756: 10.5373 0.467132 0.284561 0.124223 0.0827371 0.0413463 
208229: 5.09685 0.664214 0.262514 0.0587753 0.0112428 0.00325438 
96257: 4.73981 0.322045 0.329926 0.215698 0.0927589 0.0395719 
385367: 2.12912 1 0 0 0 0 
309661: 1.29904 0.775223 0.14943 0.0620073 0.0112678 0.00207185 
68659: 28.6171 0.405309 0.243216 0.187496 0.107565 0.0564135 
297711: 10.4268 0.876736 0.114532 0.00797089 0.000684531 7.58216e-05 
232168: 5.74141 0.558582 0.292393 0.107664 0.0327932 0.00856751 
290523: 5.08601 0.728498 0.229979 0.0360506 0.00480983 0.000662103 
280188: 3.13022 0.634911 0.271147 0.0731342 0.0206705 0.000137533 
56580: 5.74351 0.215758 0.221502 0.249579 0.194159 0.119001 
13312: 32.6705 0.0587941 0.106059 0.24928 0.298494 0.287372 
39058: 47.0218 0.0808778 0.219963 0.285832 0.250395 0.162932 
309877: 4.2972 0.653889 0.301992 0.0336194 0.00909985 0.0013997 
255508: 2.59894 0.61545 0.261821 0.0952947 0.0222335 0.00519993 
68954: 7.51168 0.588055 0.24163 0.104524 0.0456641 0.0201277 
355627: 19.6738 0.813895 0.153214 0.0274766 0.00491653 0.000498416 
299297: 1.08968 0.869067 0.0979253 0.0216688 0.00895945 0.00237918 
368065: 6.03267 0.784555 0.18901 0.0243934 0.00190173 0.000139632 
332588: 0.39683 0.866054 0.112609 0.0172061 0.00371426 0.000415959 
3782: 133.66 0.0452267 0.153741 0.269792 0.268721 0.26252 
274039: 2.5627 0.616155 0.310185 0.063849 0.00853447 0.00127632 
121845: 15.1638 0.250833 0.294941 0.248556 0.143844 0.0618259 
227062: 19.7309 0.428371 0.321959 0.173713 0.0582615 0.0176948 
147562: 15.6015 0.457755 0.290282 0.160307 0.0672123 0.0244428 
61950: 14.0171 0.252591 0.272766 0.228551 0.153928 0.0921644 
211794: 8.36191 0.645028 0.253339 0.0770537 0.0201648 0.00441432 
27245: 27.6297 0.139842 0.226697 0.262132 0.22406 0.147269 
174807: 7.24782 0.189892 0.350837 0.272517 0.135425 0.0513282 
160291: 3.31752 0.565965 0.262703 0.121207 0.0399639 0.010161 
332781: 3.57943 0.847791 0.133754 0.0157481 0.00238873 0.000318133 
273263: 3.49536 0.730014 0.220917 0.0423412 0.00590818 0.000819717 
51787: 8.67671 0.268226 0.146524 0.204875 0.2171 0.163275 
256381: 2.12311 0.571833 0.349581 0.0634141 0.0125962 0.00257568 
236219: 0.906623 0.420469 0.307523 0.173933 0.0738431 0.0242309 
299820: 1.31624 0.682459 0.226813 0.0760742 0.0132153 0.00143856 
69890: 15.6145 0.167993 0.200923 0.216132 0.219262 0.195689 
402671: 1.84483 0.789813 0.182658 0.0255225 0.00189177 0.000114974 
228063: 2.48153 0.640687 0.238921 0.0867197 0.0269669 0.00670492 
90999: 0.1 1 0 0 0 0 
65957: 15.505 0.147721 0.236814 0.262349 0.214742 0.138374 
208639: 1.24087 0.834919 0.125942 0.0335335 0.0046633 0.000942806 
202621: 2.92543 0.274835 0.464156 0.193061 0.0533189 0.0146291 
263116: 2.46945 0.654885 0.236897 0.0841726 0.0197407 0.00430478 
39069: 14.3287 0.337702 0.278484 0.180826 0.130527 0.0724619 
67579: 3.76874 0.221075 0.330786 0.260124 0.131806 0.0562086 
259259: 1.59708 0.627298 0.310944 0.0531978 0.00760834 0.000951981 
210508: 8.96845 0.309418 0.38058 0.202422 0.0805415 0.0270376 
173514: 1.67703 0.192079 0.378132 0.286239 0.110697 0.0328531 
144136: 2.59546 0.435729 0.299324 0.176146 0.0682656 0.0205347 
224535: 2.42378 0.512405 0.229466 0.165942 0.0721441 0.0200426 
83653: 19.8195 0.574828 0.275035 0.103859 0.0343356 0.0119423 
175207: 12.6134 0.664022 0.242418 0.0712198 0.0181896 0.00415113 
46952: 15.1414 0.15296 0.237584 0.243191 0.20981 0.156454 
385715: 9.86178 0.956787 0.0381571 0.00477851 0.000262998 1.4036e-05 
5229: 289.181 0.0321057 0.0927849 0.200063 0.305115 0.369932 
33306: 83.6531 0.177056 0.313435 0.259958 0.163298 0.0862535 
301976: 3.72631 0.794582 0.193567 0.0105449 0.00121885 8.62603e-05 
272455: 1.85612 1 0 0 0 0 
90748: 9.08959 0.451969 0.289419 0.166898 0.0664841 0.025229 
240690: 5.15915 0.923925 0.0554333 0.0162184 0.00365446 0.000768942 
123639: 2.44426 0.636365 0.217361 0.0955729 0.0368734 0.013827 
28793: 6.86798 0.189574 0.316744 0.221873 0.163153 0.108656 
374594: 2.62642 0.899615 0.0988616 0.00122017 0.000279334 2.36911e-05 
244861: 6.45943 0.24719 0.470437 0.195332 0.0684163 0.0186254 
117279: 7.36707 0.510267 0.19251 0.161875 0.0922438 0.0431041 
365905: 1.73209 0.943219 0.0537434 0.00294847 8.71103e-05 2.2435e-06 
77375: 12.8217 0.711073 0.163237 0.0799921 0.0327059 0.0129916 
223875: 4.58603 0.706133 0.226198 0.0544423 0.0108623 0.00236468 
322236: 6.0993 0.897445 0.086412 0.013959 0.00192801 0.000256299 
25368: 107.951 0.0526637 0.200538 0.268283 0.276422 0.202093 
2651: 129.091 0.0949135 0.242753 0.221718 0.217125 0.223492 
14265: 68.8626 0.122232 0.199907 0.234396 0.236259 0.207206 
51643: 85.4466 0.0739902 0.211388 0.286382 0.253467 0.174774 
251286: 3.37196 0.6608 0.239459 0.0838614 0.0134188 0.00246131 
276320: 2.91699 0.721971 0.217882 0.0488952 0.00934716 0.0019044 
26000: 88.0356 0.125959 0.238219 0.267679 0.219065 0.149078 
144735: 15.5948 0.327084 0.337836 0.191023 0.0986329 0.0454239 
301688: 1.77029 0.755099 0.192233 0.0450828 0.00682188 0.000764101 
270365: 10.5688 0.686756 0.23603 0.0602135 0.0138966 0.00310395 
220710: 3.94284 0.832278 0.0798584 0.0508747 0.0268539 0.0101352 
181335: 6.55441 0.685974 0.213402 0.0697648 0.0232058 0.00765347 
310562: 0.50255 0.622994 0.33558 0.038355 0.00270894 0.000362128 
253562: 7.87624 0.403784 0.432036 0.127022 0.0302973 0.00686011 
22738: 102.011 0.063994 0.147924 0.250909 0.27996 0.257213 
301477: 3.22863 0.718561 0.22725 0.0446934 0.00803962 0.00145594 
332793: 5.18144 0.874831 0.110235 0.0130953 0.00162165 0.000217088 
80859: 173.977 0.419221 0.282672 0.18386 0.0794432 0.0348041 
37679: 29.1607 0.188958 0.25793 0.266175 0.168565 0.118372 
366165: 1.02462 1 0 0 0 0 
118071: 9.8925 0.177387 0.343193 0.267111 0.147791 0.0645174 
250708: 4.45455 0.672595 0.274919 0.0397559 0.010478 0.00225287 
293420: 4.9985 0.849378 0.1313 0.0170095 0.00204988 0.000262816 
107396: 9.69411 0.457506 0.316665 0.150678 0.0575763 0.017574 
35364: 31.2503 0.0875358 0.184752 0.241839 0.265183 0.22069 
321080: 0.627172 0.731311 0.235648 0.029891 0.0028499 0.000300594 
198033: 18.6917 0.568301 0.307221 0.0966671 0.0230808 0.00473016 
154221: 9.93737 0.411932 0.353649 0.152809 0.0603062 0.0213033 
30801: 49.4997 0.132786 0.210053 0.23597 0.232715 0.188476 
42903: 238.524 0.466846 0.285814 0.1479 0.0715085 0.0279308 
290972: 2.23355 0.945427 0.0441807 0.00893514 0.00126969 0.000187756 
128551: 8.66412 0.341718 0.326303 0.203872 0.0933114 0.034796 
6861: 291.486 0.0353597 0.117976 0.204826 0.305018 0.33682 
2383: 43.5809 0.148401 0.514002 0.135475 0.108935 0.0931872 
303166: 2.20437 0.8882 0.0603037 0.0399656 0.00965285 0.00187803 
283545: 5.36623 0.425994 0.390751 0.131987 0.0413413 0.00992683 
331969: 2.61775 0.9423 0.0548588 0.00259539 0.000227041 1.83871e-05 
400423: 4.60693 0.812024 0.133546 0.0433889 0.00952784 0.00151351 
402806: 2.05742 0.249358 0.683091 0.0674109 0.000140782 0 
307051: 11.0818 0.225348 0.595474 0.142068 0.030026 0.00708382 
23469: 24.7297 0.102086 0.229199 0.239505 0.271015 0.158194 
46877: 53.6592 0.0939766 0.205881 0.279603 0.249805 0.170735 
143349: 9.00796 0.270573 0.33326 0.233314 0.116382 0.0464712 
408902: 1.53146 0.942775 0.0572253 0 0 0 
9427: 48.7993 0.189565 0.154923 0.185601 0.235422 0.234489 
334413: 4.59166 0.963132 0.0338161 0.00268103 0.000335295 3.54328e-05 
285794: 3.82902 1 0 0 0 0 
381291: 5.8824 1 0 0 0 0 
80711: 18.3637 0.376437 0.340432 0.170902 0.0780432 0.034186 
263229: 6.89307 0.79368 0.168458 0.0312748 0.0053556 0.00123103 
224060: 8.72141 0.470107 0.222218 0.198864 0.0826618 0.0261485 
96451: 23.5478 0.384644 0.285902 0.199295 0.0921598 0.0379985 
156672: 3.68833 0.695793 0.194447 0.0730885 0.0282894 0.00838216 
224553: 12.1031 0.247857 0.373019 0.234814 0.111729 0.0325809 
130409: 23.2941 0.300533 0.32413 0.216886 0.111841 0.0466106 
351585: 3.1486 0.753892 0.228482 0.0167651 0.000827363 3.35874e-05 
206435: 3.94243 0.413066 0.4099 0.12679 0.0392019 0.0110422 
88359: 3.5516 0.414057 0.40571 0.126679 0.0409795 0.0125743 
197348: 14.8542 0.580358 0.250967 0.113802 0.0425549 0.0123179 
188579: 6.55427 0.545391 0.262398 0.126491 0.0495742 0.0161468 
329242: 3.94716 0.889477 0.106023 0.00431657 0.00017822 5.11549e-06 
327953: 6.79691 0.788276 0.166196 0.0380111 0.00647373 0.00104308 
264227: 1.9981 0.968372 0.0270139 0.00422444 0.000351161 3.86172e-05 
233958: 34.5982 0.36622 0.304723 0.251269 0.064381 0.0134064 
54912: 7.37862 0.480389 0.258784 0.154323 0.0732291 0.0332754 
382866: 2.32127 0.876554 0.115059 0.00782747 0.000520912 3.79859e-05 
414893: 0.537545 0.96182 0.0381798 0 0 0 
179481: 4.03747 0.466315 0.346505 0.130741 0.0417815 0.0146572 
117252: 7.42816 0.632901 0.165468 0.114899 0.0610361 0.0256954 
224533: 45.897 0.446955 0.294062 0.165029 0.0709269 0.0230274 
33385: 3.14427 0.326848 0.299287 0.194582 0.116673 0.0626085 
26183: 105.476 0.0418403 0.130546 0.241911 0.304662 0.281041 
400749: 0.690838 0.931409 0.0530592 0.0145333 0.000946702 5.19091e-05 
29249: 45.5009 0.144353 0.23759 0.251548 0.219041 0.147469 
163434: 2.42519 0.565207 0.30797 0.0756437 0.0335123 0.0176672 
190415: 6.72283 0.637347 0.271884 0.0752214 0.013254 0.00229411 
52331: 26.3543 0.328556 0.178075 0.210286 0.171973 0.11111 
397794: 1.01803 0.820014 0.146116 0.0315009 0.00225568 0.000114011 
290692: 0.280097 0.754856 0.177198 0.0580374 0.00819868 0.00171047 
139891: 0.78135 0.744303 0.247088 0.0083951 0.000185688 2.8372e-05 
330306: 1.25796 0.757123 0.162287 0.0681657 0.0108904 0.00153394 
261346: 6.2497 0.394839 0.39342 0.150245 0.0486032 0.0128937 
86684: 18.2097 0.689829 0.18167 0.0687664 0.0419224 0.017813 
283586: 7.83551 0.624349 0.279353 0.0810454 0.0137234 0.00153009 
402954: 1.3156 0.778685 0.211859 0.00928941 0.000165115 1.49588e-06 
60086: 15.575 0.326231 0.243595 0.218284 0.138611 0.0732794 
27925: 33.419 0.200422 0.199695 0.219364 0.2083 0.17222 
126842: 34.8925 0.136967 0.344694 0.28345 0.161635 0.0732537 
175783: 53.2944 0.39002 0.528676 0.0650194 0.0120004 0.00428491 
381215: 20.8749 1 0 0 0 0 
110177: 1.09126 0.101819 0.556628 0.287235 0.0403086 0.0140093 
54832: 32.1969 0.218824 0.271608 0.260708 0.16239 0.0864709 
327321: 7.31066 0.82924 0.150562 0.0182168 0.00173883 0.000242207 
39078: 72.3448 0.0690515 0.222637 0.267099 0.256054 0.185159 
186192: 2.55024 0.409028 0.374499 0.14816 0.0519443 0.0163689 
230104: 9.46314 0.449193 0.365594 0.148357 0.0287342 0.00812075 
284936: 1.21469 0.480232 0.463125 0.0528784 0.00296676 0.000798006 
58301: 30.8205 0.165518 0.282176 0.261546 0.183648 0.107112 
24447: 46.734 0.149232 0.300235 0.270673 0.174313 0.105547 
296876: 2.87999 0.892674 0.0881837 0.0156045 0.00312238 0.00041585 
88760: 29.1463 0.171232 0.328441 0.262555 0.155293 0.0824788 
57253: 51.857 0.320935 0.302041 0.214004 0.109928 0.0530916 
81700: 13.283 0.296672 0.27164 0.228165 0.137076 0.0664473 
348240: 17.1774 0.532032 0.315467 0.117625 0.0293597 0.00551677 
345670: 0.792642 0.99511 0.00488974 0 0 0 
37841: 26.5972 0.124116 0.258617 0.27155 0.214872 0.130845 
4505: 22.4083 0.1355 0.228516 0.242105 0.218186 0.175693 
110249: 15.864 0.195771 0.34986 0.254274 0.139105 0.0609886 
335409: 5.57027 0.924522 0.0610744 0.012486 0.00170196 0.0002158 
287462: 2.11684 0.408697 0.328187 0.184094 0.0657896 0.0132329 
234823: 5.18096 0.583333 0.291716 0.0950085 0.0245699 0.00537213 
67779: 75.037 0.236518 0.269844 0.230302 0.165347 0.0979881 
60966: 44.8892 0.191375 0.367866 0.237124 0.143059 0.0605755 
143000: 15.537 0.612251 0.249333 0.0981451 0.0316516 0.00861945 
341390: 3.41696 0.780308 0.180067 0.0334859 0.00550288 0.000637005 
156679: 3.05407 0.750919 0.188695 0.0469858 0.0107839 0.00261559 
77927: 32.5611 0.313515 0.294147 0.199741 0.127821 0.0647763 
212722: 3.4567 0.212953 0.498597 0.196499 0.0715483 0.020402 
52275: 34.4956 0.057078 0.205485 0.291658 0.262541 0.183239 
355722: 8.98849 0.97737 0.0226273 2.73389e-06 0 0 
227484: 11.9015 0.687384 0.241885 0.0533595 0.0129842 0.00438763 
108830: 0.174379 0.0774949 0.288014 0.348732 0.198174 0.087585 
134302: 12.0953 0.641555 0.215116 0.0988868 0.0335275 0.0109152 
384223: 2.10295 0.949572 0.0493194 0.00109012 1.66139e-05 2.00175e-06 
395743: 0.150859 0.6459 0.3541 0 0 0 
231178: 14.5014 0.695379 0.237276 0.0579784 0.00804262 0.00132395 
92641: 25.2132 0.169055 0.239109 0.277196 0.20306 0.11158 
39572: 70.0612 0.120013 0.26198 0.302745 0.196912 0.118349 
213683: 3.15344 0.713869 0.212784 0.0582136 0.0124442 0.00268982 
44504: 12.8258 0.161828 0.246649 0.259939 0.203112 0.128473 
69661: 51.7803 0.257006 0.298803 0.219873 0.143509 0.0808094 
85733: 31.7413 0.704085 0.200968 0.0671176 0.0209314 0.00689716 
151453: 1.98732 0.494223 0.322774 0.109864 0.0520647 0.0210747 
383388: 2.61528 0.624806 0.335802 0.0393493 4.34915e-05 0 
121645: 33.7258 0.159069 0.383641 0.259445 0.137355 0.0604899 
171160: 1.82669 0.498611 0.262636 0.141846 0.0705189 0.0263889 
344054: 3.69214 0.402154 0.337758 0.186503 0.0596774 0.0139081 
396656: 26.6204 1 0 0 0 0 
242498: 0.171311 0.88514 0.111693 0.00210539 0.000766703 0.000295257 
90775: 1.30765 0.715315 0.170264 0.0761472 0.0281752 0.0100979 
86579: 35.0766 0.115002 0.308024 0.293953 0.188202 0.0948186 
166584: 6.00564 0.483942 0.287538 0.146265 0.0611304 0.0211246 
310995: 0.492678 1 0 0 0 0 
9581: 2.08887 0.195316 0.339136 0.28018 0.11442 0.0709482 
183402: 1.3809 0.582167 0.303411 0.0822408 0.0256929 0.00648903 
276211: 4.04757 0.785398 0.197864 0.0144654 0.00190859 0.000364118 
197366: 11.4409 0.522555 0.274054 0.146994 0.0458139 0.0105841 
108863: 2.17903 1 0 0 0 0 
132201: 1.33983 0.55588 0.288503 0.122684 0.0252071 0.00772525 
83399: 8.64905 0.622858 0.173074 0.117719 0.0618066 0.0245428 
180491: 10.4303 0.503949 0.299008 0.133218 0.0487212 0.0151034 
231681: 4.28328 0.271605 0.476163 0.169615 0.0628624 0.0197545 
361579: 5.10632 0.984765 0.0150129 0.000202629 1.85957e-05 4.12812e-07 
298122: 1.06813 1 0 0 0 0 
171093: 12.5142 0.264612 0.42549 0.202885 0.0796602 0.0273537 
202100: 3.72132 0.660257 0.242695 0.0795452 0.014891 0.0026123 
15115: 18.5898 0.176113 0.18271 0.239669 0.214509 0.186999 
221104: 14.5369 0.664854 0.247304 0.0677515 0.0167952 0.00329523 
112941: 15.2023 0.379528 0.310882 0.177697 0.0982289 0.0336633 
342382: 0.136435 1 0 0 0 0 
376730: 2.8647 0.940928 0.0590721 0 0 0 
55508: 12.6498 0.189229 0.31195 0.243228 0.162492 0.0931008 
271703: 0.523178 0.302192 0.505385 0.163484 0.0255168 0.00342248 
140648: 16.7919 0.510828 0.250155 0.1491 0.0663336 0.0235836 
104527: 23.7945 0.157612 0.28154 0.276407 0.185781 0.0986601 
133465: 13.1238 0.382201 0.371199 0.17712 0.0551816 0.0142987 
60917: 0.316142 0.199272 0.67247 0.0998773 0.02735 0.00102986 
3484: 171.687 0.0546676 0.364511 0.255774 0.194637 0.130411 
211603: 3.8992 0.958231 0.0417694 0 0 0 
55217: 6.3616 0.356952 0.350602 0.199392 0.0722662 0.0207881 
258158: 0.0576588 0.240881 0.632834 0.0971658 0.0242051 0.00491433 
338900: 2.11579 0.823421 0.111113 0.0539259 0.0101671 0.00137224 
186952: 0.0833333 1 0 0 0 0 
343047: 4.81912 0.951392 0.0432093 0.00481674 0.000536216 4.60055e-05 
156872: 1.89181 0.40137 0.415338 0.127303 0.0433947 0.0125944 
66370: 74.6866 0.0833032 0.214062 0.272297 0.246988 0.18335 
365842: 49.7651 0.91865 0.0813498 0 0 0 
174054: 1.40366 0.385947 0.453746 0.127161 0.0276994 0.00544578 
393036: 6.55709 0.866407 0.127611 0.00598271 0 0 
390805: 1.58737 0.88962 0.106454 0.00375927 0.000160271 6.47266e-06 
314813: 1.97059 0.884511 0.100241 0.0137363 0.00138929 0.000121855 
205675: 6.49054 0.576546 0.305827 0.0885723 0.0235593 0.00549613 
54044: 8.8608 0.244496 0.287343 0.218339 0.157958 0.0918645 
103163: 0.61232 0.911386 0.0279453 0.0318661 0.0200959 0.00870656 
160096: 17.0606 0.541789 0.269314 0.12812 0.046477 0.0143007 
164370: 6.50516 0.574383 0.329761 0.0647517 0.0235148 0.00758987 
150064: 93.8704 0.450733 0.3415 0.135911 0.0520963 0.0197593 
403186: 20.8814 0.988893 0.0110588 4.48046e-05 3.71712e-06 0 
316860: 7.78923 0.696496 0.240724 0.0562866 0.00623428 0.000259224 
292059: 22.1666 0.726524 0.200308 0.0573129 0.0130475 0.00280826 
284019: 5.74297 0.920903 0.062858 0.01312 0.00262571 0.000493331 
253999: 3.72362 0.793594 0.180936 0.0222863 0.00280372 0.00038034 
321629: 6.23297 0.789605 0.194594 0.0146871 0.00104096 7.33036e-05 
130963: 10.0036 0.396575 0.351487 0.167782 0.0631826 0.020973 
15737: 116.25 0.0606494 0.182094 0.266249 0.267451 0.223556 
378236: 3.85776 0.79144 0.183452 0.0221993 0.00262896 0.000280637 
16798: 15.3019 0.278543 0.237043 0.22069 0.159979 0.103746 
300372: 4.45758 0.479425 0.323554 0.142419 0.0441002 0.0105016 
47838: 8.25349 0.69647 0.160668 0.0725091 0.0436717 0.026681 
356637: 17.3973 0.71646 0.28354 0 0 0 
167070: 17.8734 0.785558 0.169682 0.035402 0.00752991 0.00182738 
297742: 13.0915 0.863922 0.115931 0.0177989 0.0020962 0.000251958 
60948: 11.5322 0.484537 0.292809 0.144736 0.0556166 0.0223006 
17417: 29.6372 0.116224 0.204868 0.263591 0.23995 0.175367 
5916: 341.481 0.0190575 0.0964157 0.273824 0.30778 0.302923 
111402: 1.27355 0.222163 0.401955 0.228191 0.105546 0.0421452 
41092: 700.909 0.635292 0.245888 0.0935292 0.0178603 0.00743041 
211120: 10.6357 0.556205 0.264173 0.119702 0.0446703 0.0152498 
84182: 30.2688 0.455395 0.312171 0.153023 0.0573101 0.0221012 
90098: 40.0524 0.179287 0.332634 0.270277 0.148579 0.0692238 
116915: 5.08335 0.602806 0.213018 0.116792 0.0490189 0.0183647 
349917: 15.9551 0.722739 0.229068 0.0403092 0.00701671 0.00086669 
75184: 15.7349 0.186155 0.332758 0.277856 0.139441 0.0637897 
28628: 120.293 0.0569995 0.185496 0.272141 0.266396 0.218968 
283446: 3.20161 0.670921 0.154675 0.135505 0.0335687 0.00533138 
370545: 0.740375 0.531542 0.434469 0.0315315 0.0023797 7.73767e-05 
71763: 42.3089 0.275867 0.324628 0.217343 0.122624 0.0595381 
335248: 4.10833 0.448599 0.415083 0.112956 0.0199662 0.00339535 
188679: 3.70313 0.558676 0.355965 0.0702429 0.0125815 0.00253429 
33735: 4.69276 0.508507 0.257061 0.144957 0.0610881 0.028387 
383652: 7.0883 0.810492 0.158522 0.0256648 0.00466423 0.000656732 
178457: 6.83645 0.655129 0.194112 0.104806 0.0352352 0.0107186 
253641: 3.60658 0.833401 0.12722 0.0291847 0.00850976 0.00168429 
189748: 8.34454 0.340776 0.352965 0.206173 0.0768078 0.0232784 
68535: 22.6428 0.241271 0.362248 0.240951 0.109985 0.0455449 
181691: 6.87102 0.260553 0.452058 0.178115 0.0807155 0.0285595 
87109: 19.9953 0.422538 0.327734 0.163746 0.0627656 0.0232172 
172615: 11.8809 0.453832 0.364961 0.121518 0.0444925 0.0151974 
83699: 36.9528 0.210594 0.34538 0.272318 0.122722 0.0489867 
262156: 4.64088 0.781805 0.17085 0.0397855 0.00647733 0.0010823 
354970: 22.0606 1 0 0 0 0 
271124: 5.87839 0.817528 0.141274 0.0326024 0.00705143 0.0015445 
386632: 1.50769 0.74247 0.246966 0.0101469 0.000417186 0 
161962: 11.2478 0.796212 0.203788 0 0 0 
143426: 8.86025 0.289854 0.303858 0.247108 0.116993 0.042187 
274981: 5.80094 0.897701 0.0820177 0.0172507 0.00266173 0.000368647 
289430: 1.31708 0.477263 0.478748 0.0414628 0.00234556 0.000179891 
279268: 3.67206 0.899558 0.0822311 0.0146345 0.00293918 0.000636996 
40742: 36.7165 0.134287 0.279374 0.273641 0.198001 0.114697 
97094: 8.05439 0.742365 0.130424 0.0772479 0.0334479 0.0165151 
311866: 5.21859 0.632718 0.246396 0.0864294 0.0275996 0.0068571 
396580: 0.809523 1 0 0 0 0 
204298: 3.73638 0.918104 0.0651579 0.0130529 0.00308292 0.000602601 
8143: 460.305 0.0427987 0.163101 0.233183 0.302574 0.258344 
112784: 12.8506 0.407958 0.315284 0.173155 0.074493 0.0291104 
231764: 1.83091 0.354356 0.352277 0.199416 0.0729589 0.020992 
317082: 5.46669 0.770153 0.193571 0.0310262 0.00455219 0.000697432 
158077: 9.33613 0.49021 0.285989 0.146313 0.0585078 0.01898 
391874: 5.07834 0.941459 0.0554345 0.00306785 3.82433e-05 8.19099e-07 
288203: 2.60314 0.712187 0.224062 0.0547839 0.00739556 0.00157144 
296346: 2.29989 0.932443 0.0531262 0.0129978 0.00129121 0.000141851 
289743: 1.13507 0.968746 0.0285907 0.00245125 0.000198149 1.38823e-05 
230493: 14.51 0.393175 0.398343 0.156027 0.0431135 0.00934233 
208593: 0.719856 0.587106 0.271241 0.113937 0.0228452 0.00487068 
286392: 4.94771 0.882045 0.111754 0.00501761 0.00102417 0.000159452 
205511: 3.03293 0.665465 0.225639 0.0817867 0.0220861 0.00502306 
194063: 0.877644 0.410772 0.407173 0.122911 0.0440174 0.0151262 
198142: 9.55888 0.211834 0.419172 0.250419 0.0916336 0.0269415 
51434: 71.9675 0.109749 0.259735 0.289958 0.20645 0.134108 
53539: 34.9775 0.129045 0.196479 0.270403 0.239296 0.164777 
125351: 17.5776 0.569098 0.288123 0.103104 0.0303132 0.00936147 
25663: 47.0991 0.14157 0.196696 0.217838 0.234279 0.209617 
103793: 13.9515 0.203291 0.361823 0.260517 0.120627 0.0537427 
276034: 0.57619 1 0 0 0 0 
164871: 2.87894 0.309983 0.404266 0.198001 0.0665755 0.0211756 
331955: 2.34705 0.751896 0.20585 0.0368298 0.00484235 0.00058236 
145293: 22.9526 0.168555 0.362185 0.270249 0.138728 0.0602832 
228602: 2.55233 0.472457 0.41749 0.0806748 0.0235022 0.0058757 
378886: 9.1327 0.900391 0.0896413 0.00874558 0.00109199 0.000130003 
126198: 6.37898 0.22032 0.379021 0.233839 0.119146 0.0476746 
309185: 2.95527 0.574075 0.25642 0.130604 0.0323284 0.00657205 
280030: 18.0754 0.766097 0.152953 0.0575981 0.0178273 0.00552525 
274909: 3.11524 0.537534 0.353975 0.0873535 0.0175723 0.00356431 
317040: 22.8621 0.85932 0.14068 0 0 0 
286408: 3.96234 0.786988 0.152135 0.0445757 0.0137838 0.00251754 
7773: 14.3054 0.112563 0.163308 0.218498 0.242621 0.26301 
376638: 1.0916 0.840241 0.159759 0 0 0 
170002: 12.6923 0.351401 0.364637 0.185617 0.0732973 0.025048 
242833: 2.31246 0.906833 0.0738693 0.0121938 0.00535319 0.0017506 
292573: 0.738124 0.9491 0.0363718 0.0117737 0.00220194 0.000552361 
47174: 99.6589 0.178764 0.28936 0.256958 0.182465 0.0924529 
174397: 1.33256 0.639494 0.205655 0.11225 0.0320963 0.0105047 
305386: 0.0972223 1 0 0 0 0 
50229: 18.035 0.106539 0.302669 0.281685 0.197981 0.111126 
163687: 2.58903 0.3685 0.376159 0.173053 0.062907 0.019382 
194235: 37.9935 0.795336 0.183436 0.0143425 0.0051481 0.00173776 
241410: 1.50725 0.817303 0.145314 0.0307063 0.00605199 0.00062493 
242468: 6.36408 0.529926 0.346231 0.0997425 0.0202597 0.00384072 
221911: 11.5907 0.423727 0.438816 0.109672 0.0227865 0.0049981 
234884: 4.58745 0.685196 0.228405 0.0693141 0.0143833 0.00270152 
128643: 9.52734 0.444805 0.38149 0.118684 0.04171 0.0133102 
347021: 18.7215 0.37174 0.366458 0.186754 0.0608959 0.0141518 
82855: 10.8931 0.37786 0.288578 0.165671 0.109563 0.0583282 
219276: 0.608418 0.603046 0.29007 0.0831283 0.0174338 0.00632192 
250343: 7.38549 0.820382 0.144819 0.0258095 0.00739889 0.00159013 
350198: 10.4806 0.610735 0.29738 0.0751446 0.0148107 0.00192884 
20117: 41.9028 0.273934 0.21419 0.197503 0.173837 0.140536 
360754: 14.7043 1 0 0 0 0 
369292: 5.97591 0.784408 0.191089 0.0219642 0.00236023 0.000178376 
199871: 14.4328 0.69101 0.210481 0.0705749 0.0218502 0.00608433 
302278: 1.72095 0.613003 0.316543 0.0602366 0.00949619 0.000721848 
47968: 51.988 0.102511 0.248594 0.283435 0.225268 0.140192 
176076: 0.125 1 0 0 0 0 
109762: 5.85201 0.341897 0.316699 0.202303 0.0971549 0.041947 
255567: 5.42646 0.651293 0.259439 0.0692886 0.0164457 0.00353434 
399746: 0.495907 1 0 0 0 0 
39650: 108.23 0.165313 0.246005 0.240662 0.207077 0.140943 
158049: 23.8264 0.527165 0.241107 0.137362 0.0674422 0.0269232 
92757: 8.92815 0.327336 0.360481 0.198507 0.0812406 0.0324347 
302023: 2.83402 0.815816 0.162655 0.018726 0.00248906 0.000314604 
324772: 2.57774 0.611617 0.320233 0.0585712 0.00851442 0.00106527 
264425: 0.741302 1 0 0 0 0 
3453: 147.604 0.0362704 0.120289 0.221649 0.303776 0.318017 
71043: 81.4689 0.435062 0.299881 0.155228 0.075435 0.0343939 
395815: 4.87453 0.796569 0.191366 0.0112147 0.000795809 5.45309e-05 
296858: 1.13517 0.882713 0.0944245 0.0164672 0.00558295 0.00081252 
389347: 1.65834 0.700612 0.280316 0.0176288 0.00129367 0.000149611 
192211: 0.320492 0.554019 0.30707 0.0894489 0.0368313 0.0126309 
246558: 7.15122 0.621534 0.257342 0.0917283 0.0236414 0.00575449 
166908: 6.8309 0.443268 0.290479 0.159844 0.0771767 0.0292327 
99224: 26.853 0.280729 0.371275 0.206462 0.100645 0.0408894 
89354: 8.55103 0.200966 0.343852 0.27236 0.134365 0.0484568 
65845: 19.324 0.554996 0.239149 0.122225 0.0583636 0.0252668 
13867: 38.5285 0.0824593 0.214456 0.225776 0.233749 0.24356 
238542: 4.23629 0.608792 0.304556 0.0641262 0.0187666 0.00375919 
97354: 5.40249 0.280947 0.362648 0.208536 0.101907 0.0459631 
164718: 25.825 0.286664 0.338157 0.215482 0.111646 0.0480508 
40182: 155.755 0.0743024 0.210774 0.324712 0.225343 0.164869 
129537: 7.20948 0.579298 0.24055 0.129704 0.039343 0.0111056 
163334: 5.73296 0.554881 0.240579 0.129431 0.054247 0.020862 
243689: 8.20698 0.453403 0.404518 0.107376 0.0276354 0.0070677 
4520: 66.7621 0.0332691 0.104864 0.263262 0.334903 0.263702 
392898: 42.8567 0.988993 0.0109394 6.73535e-05 2.72881e-07 2.2639e-08 
288565: 0.110922 1 0 0 0 0 
162393: 10.5104 0.273162 0.373906 0.236019 0.0908237 0.0260891 
52633: 35.4926 0.109306 0.237275 0.259442 0.228784 0.165193 
83260: 11.7517 0.25744 0.272745 0.240064 0.151641 0.0781101 
343858: 0.942511 1 0 0 0 0 
220074: 9.65697 0.428112 0.350227 0.162944 0.0464012 0.0123162 
250744: 6.68994 0.643453 0.265787 0.0719702 0.0158103 0.00297928 
164861: 1.99231 0.436521 0.294186 0.174624 0.0724578 0.0222103 
370105: 5.61831 0.843288 0.14584 0.0102434 0.000595429 3.34396e-05 
380804: 1.19206 0.544965 0.41453 0.0380777 0.00225623 0.000171384 
408927: 2.39555 0.965496 0.0276928 0.00634283 0.000452861 1.58612e-05 
390094: 0.290134 1 0 0 0 0 
185247: 102.74 0.357752 0.327391 0.198652 0.0884519 0.0277531 
70015: 19.1577 0.196436 0.289979 0.21182 0.16151 0.140255 
96215: 522.326 0.767327 0.13037 0.0711925 0.0236879 0.00742266 
85489: 3.21693 0.700122 0.242944 0.0415428 0.0122199 0.00317198 
293326: 1.19271 0.984521 0.0153657 9.03278e-05 2.26202e-05 0 
171042: 5.66682 0.742234 0.198136 0.0464737 0.0109012 0.00225515 
34515: 32.9913 0.221247 0.236013 0.218487 0.197865 0.126387 
209583: 6.00029 0.65529 0.22083 0.0888366 0.0277334 0.00730971 
376689: 4.89109 0.983904 0.0156425 0.000441014 1.03085e-05 1.86389e-06 
278907: 10.4564 0.833186 0.121862 0.0350955 0.00819151 0.00166537 
156662: 5.18525 0.294538 0.385162 0.207533 0.0832648 0.0295014 
144992: 5.37236 0.496281 0.321454 0.123582 0.0444939 0.0141883 
157604: 13.4076 0.584739 0.298091 0.0904783 0.0217345 0.00495674 
97798: 15.6273 0.409959 0.369466 0.143175 0.0575366 0.019863 
248680: 16.9781 0.883008 0.104469 0.011994 0.00051619 1.21938e-05 
209595: 2.02892 0.79432 0.151934 0.051069 0.0023704 0.000305726 
297148: 0.166667 1 0 0 0 0 
248437: 17.431 0.386279 0.39396 0.186026 0.0275684 0.00616655 
101807: 32.7011 0.267837 0.340171 0.228159 0.115339 0.0484945 
129431: 1.04933 0.635435 0.231925 0.104952 0.0238252 0.00386206 
339026: 1.70544 0.769965 0.202035 0.024904 0.00275484 0.000341254 
330444: 1.76889 0.872727 0.117629 0.00878165 0.000777401 8.55242e-05 
131848: 32.7568 0.200388 0.349144 0.253156 0.137413 0.0598982 
94769: 74.5216 0.332667 0.279726 0.22627 0.114225 0.0471132 
35091: 13.2562 0.462668 0.27483 0.156277 0.0732638 0.0329613 
11056: 71.0372 0.0244965 0.163272 0.313775 0.282994 0.215463 
41212: 4.59688 0.301158 0.199471 0.217637 0.165697 0.116036 
109496: 9.1506 0.324758 0.287137 0.231774 0.109348 0.0469817 
204265: 6.7349 0.577889 0.243141 0.117569 0.0446076 0.016793 
148687: 11.4152 0.469669 0.351065 0.137192 0.0330844 0.00899012 
315400: 2.89673 0.629996 0.273753 0.079204 0.0147808 0.00226571 
79430: 16.9435 0.167082 0.391431 0.25527 0.131431 0.0547859 
285557: 4.82259 0.635981 0.336194 0.0244888 0.00275654 0.000579985 
30947: 40.4585 0.121806 0.251825 0.260271 0.218087 0.148011 
311931: 6.80125 0.712646 0.213061 0.059008 0.0123678 0.00291738 
257140: 9.44307 0.387937 0.258553 0.1776 0.114903 0.0610068 
330225: 0.608843 0.947214 0.0526206 0.000165822 0 0 
394918: 0.640138 0.985218 0.0141664 0.000607639 7.6675e-06 6.20052e-08 
168497: 16.5217 0.273585 0.354235 0.225831 0.105348 0.0410009 
359756: 5.91042 0.747091 0.210011 0.035555 0.00658341 0.000759411 
218948: 0.191585 0.77956 0.177369 0.0338065 0.00797377 0.00129079 
274972: 0.125 1 0 0 0 0 
211863: 3.70173 0.656826 0.232456 0.0803728 0.0235171 0.00682764 
30036: 78.7939 0.0979401 0.210372 0.263058 0.24288 0.18575 
220460: 8.14764 0.694926 0.208488 0.0704611 0.0199437 0.00618084 
38936: 47.9008 0.16961 0.273302 0.274797 0.181909 0.100383 
240561: 3.99659 0.468333 0.390479 0.112933 0.0235944 0.00465996 
160782: 0.037037 1 0 0 0 0 
301401: 6.23151 0.767194 0.170924 0.0473317 0.0121278 0.00242275 
275284: 2.0792 0.444064 0.413635 0.110267 0.0260516 0.00598215 
21470: 60.8078 0.0484636 0.0840197 0.211782 0.324171 0.331564 
182252: 65.1981 0.305796 0.313069 0.219261 0.119141 0.0427328 
20146: 33.569 0.155078 0.175852 0.227366 0.244397 0.197308 
304843: 10.1688 0.777924 0.16842 0.044433 0.00788554 0.00133803 
116188: 20.7766 0.311067 0.328736 0.227831 0.0953071 0.0370586 
209446: 5.32466 0.431766 0.388129 0.133202 0.0370783 0.00982494 
221631: 4.97649 0.520667 0.326894 0.114443 0.0309035 0.00709276 
352361: 3.50108 0.656005 0.320775 0.0228314 0.000371714 1.68592e-05 
144571: 12.8608 0.30275 0.334052 0.212823 0.106912 0.0434624 
186925: 11.0119 0.545227 0.312196 0.115109 0.023457 0.00401138 
234619: 0.873345 0.485163 0.45273 0.057072 0.00462398 0.000410871 
314325: 2.72755 0.518388 0.391973 0.0802658 0.00848356 0.000889435 
341056: 4.07195 0.992265 0.00697522 0.000707176 4.71999e-05 5.44621e-06 
377430: 4.16402 1 0 0 0 0 
306243: 10.6627 0.794239 0.176109 0.0250569 0.00397837 0.0006166 
140274: 53.6101 0.394905 0.29481 0.189703 0.0855621 0.03502 
174956: 13.7463 0.429813 0.361914 0.148195 0.0472613 0.012817 
200879: 6.012 0.647575 0.2676 0.0686569 0.01358 0.00258801 
17998: 31.5725 0.0859564 0.201732 0.257413 0.250127 0.204772 
74147: 23.895 0.202422 0.32567 0.236895 0.14924 0.0857735 
258117: 2.25791 0.361121 0.434552 0.166492 0.0327444 0.00509047 
164842: 11.3313 0.554445 0.280977 0.115076 0.0383514 0.0111515 
172976: 5.8716 0.542658 0.309611 0.0986279 0.0381593 0.0109437 
290711: 1.28947 0.714015 0.242202 0.0376486 0.0053963 0.000737778 
273691: 0.283291 1 0 0 0 0 
17581: 34.001 0.240299 0.287132 0.233376 0.152528 0.0866647 
233454: 6.72014 0.691066 0.249949 0.0453681 0.0109033 0.00271283 
184681: 9.75669 0.818007 0.136169 0.0342963 0.00905124 0.00247622 
34483: 100.147 0.150251 0.221402 0.26892 0.211201 0.148226 
3733: 22.5876 0.0514296 0.21181 0.286768 0.252085 0.197908 
88530: 14.0306 0.324032 0.35359 0.185928 0.097217 0.0392326 
240176: 0.961068 0.535789 0.370411 0.0719647 0.0179246 0.00391088 
125328: 17.868 0.289768 0.370085 0.207226 0.0952669 0.0376539 
182937: 5.94544 0.350132 0.345428 0.200291 0.0788208 0.0253274 
344976: 1.23826 0.897688 0.0915143 0.0102991 0.000434113 6.42028e-05 
60978: 47.4365 0.0972179 0.190378 0.272777 0.253578 0.186049 
338917: 2.38185 0.758993 0.234022 0.00604136 0.000849202 9.46855e-05 
111092: 2.09511 0.463662 0.353832 0.13487 0.0380867 0.00954926 
44516: 22.7673 0.304343 0.307864 0.210827 0.115727 0.061239 
28009: 24.773 0.135873 0.259014 0.233814 0.22366 0.14764 
98931: 62.858 0.134505 0.297621 0.270803 0.187132 0.10994 
301148: 28.4097 1 0 0 0 0 
72830: 53.5306 0.101054 0.236184 0.272706 0.230503 0.159554 
271098: 0.542051 0.757942 0.181179 0.048187 0.0111488 0.001544 
86343: 14.3882 0.343105 0.261488 0.205609 0.130444 0.0593542 
100074: 49.4508 0.318659 0.338196 0.204485 0.0965209 0.0421392 
390195: 2.56848 0.758426 0.228273 0.0128865 0.000406239 9.05133e-06 
66591: 36.1426 0.161143 0.294478 0.232724 0.185628 0.126027 
44804: 85.6074 0.0783579 0.266902 0.296748 0.226502 0.13149 
26443: 12.5469 0.0529484 0.210065 0.304672 0.256914 0.175401 
55295: 29.1059 0.179065 0.274209 0.254071 0.18443 0.108225 
307980: 1.6529 1 0 0 0 0 
195016: 6.26999 0.496798 0.324094 0.126768 0.0412834 0.0110559 
339514: 1.24199 0.758345 0.220941 0.0193828 0.00124342 8.68368e-05 
292273: 0.310096 0.896173 0.103827 0 0 0 
132604: 2.80314 0.31511 0.359761 0.190234 0.0976195 0.0372752 
6613: 103.121 0.029849 0.121386 0.253207 0.306041 0.289517 
108544: 8.5665 0.38625 0.300348 0.173374 0.0970161 0.043012 
324287: 3.29191 0.791278 0.182003 0.0228933 0.00340166 0.000424046 
196944: 0.528968 1 0 0 0 0 
329548: 2.04851 1 0 0 0 0 
