n = 3072441
m = 117185083
begin to read Graph...
readGraph Over...
begin to init vec....
init vec Over...
totoal time: 33.68
155447: 5.63318 0.389707 0.333098 0.177431 0.0665702 0.0226182 0.00745594 0.00226058 0.000641081 0.000173387 4.53896e-05 
125681: 12.7473 0.437625 0.282865 0.158171 0.0752013 0.0302071 0.0108098 0.00355264 0.0011256 0.00034115 0.000100979 
105699: 6.95585 0.302644 0.292294 0.224104 0.110303 0.0457083 0.0167681 0.00565651 0.00180379 0.000553524 0.000165265 
134154: 8.4842 0.440838 0.294592 0.139323 0.073885 0.0329371 0.0124952 0.00416431 0.00128061 0.000376359 0.000108671 
362157: 1.39951 0.769531 0.215585 0.0138344 0.00102536 2.29825e-05 7.80568e-07 3.54496e-08 2.56497e-09 1.69158e-10 1.02882e-11 
289550: 2.93616 0.893417 0.0787494 0.022656 0.0042966 0.000734944 0.00012175 2.02224e-05 3.29238e-06 5.18406e-07 7.95712e-08 
174258: 1.86286 0.384794 0.360909 0.160708 0.0655712 0.0202692 0.00573839 0.00152332 0.000376395 8.98046e-05 2.09393e-05 
334709: 13.2641 0.734061 0.206239 0.050538 0.00785253 0.00114652 0.000142907 1.71785e-05 2.18706e-06 3.23252e-07 5.23953e-08 
138308: 4.83647 0.189385 0.317 0.27192 0.141683 0.0547523 0.0179194 0.00531556 0.001498 0.000413178 0.000113838 
19892: 31.7653 0.050969 0.130921 0.184858 0.198208 0.165978 0.116946 0.0737989 0.042736 0.0233564 0.0122284 
58928: 28.9642 0.188047 0.246156 0.214801 0.155049 0.0959436 0.0526986 0.0267696 0.0126224 0.00557833 0.0023358 
309442: 0.71863 0.616549 0.338089 0.0379667 0.00619637 0.00102072 0.000154185 2.07287e-05 2.69828e-06 3.49302e-07 4.51596e-08 
351836: 34.2328 0.499603 0.349224 0.125131 0.022327 0.00329884 0.000375083 3.72928e-05 3.18977e-06 2.68555e-07 2.43587e-08 
339331: 4.89396 0.828152 0.160157 0.0107793 0.000838204 6.7107e-05 6.12131e-06 7.45276e-07 9.54887e-08 1.20627e-08 1.38739e-09 
346879: 17.4468 0.522114 0.25797 0.151265 0.0529444 0.0127858 0.00246223 0.000394005 5.58034e-05 7.34061e-06 9.16601e-07 
83330: 12.1342 0.466941 0.321865 0.134473 0.0498449 0.0172766 0.006265 0.00221939 0.000765959 0.000262009 8.75247e-05 
86833: 47.9105 0.236735 0.28626 0.228971 0.136863 0.0663338 0.0280268 0.0108925 0.00400548 0.00142064 0.00049205 
34495: 115.708 0.0909308 0.199854 0.223326 0.184077 0.128204 0.0814839 0.0474413 0.0255764 0.012915 0.00619285 
202898: 6.5141 0.483918 0.316605 0.137472 0.0450693 0.0127198 0.00322491 0.000768589 0.000174555 3.9156e-05 8.81766e-06 
289114: 0.711419 0.966459 0.0273076 0.00617303 5.07743e-05 8.37472e-06 7.75573e-07 6.55827e-08 4.17386e-09 2.25789e-10 1.01901e-11 
145786: 8.34571 0.28424 0.365269 0.208929 0.0911923 0.0339614 0.0113721 0.00356397 0.00106982 0.000312458 8.9207e-05 
297931: 0.362745 1 0 0 0 0 0 0 0 0 0 
62906: 9.29092 0.198264 0.34336 0.234584 0.119642 0.0603403 0.0262319 0.0109725 0.00435197 0.00164899 0.000604349 
227683: 6.85786 0.747418 0.189648 0.0535028 0.00824185 0.000983084 0.000167371 3.10454e-05 6.13306e-06 1.25559e-06 2.70145e-07 
3022: 2199.06 0.00409058 0.0178313 0.0543963 0.119368 0.150374 0.161162 0.154463 0.136415 0.113151 0.0887491 
169937: 0.684194 0.349075 0.312143 0.196473 0.0956031 0.0330489 0.009831 0.00276232 0.000779995 0.000222529 6.2234e-05 
265557: 6.08569 0.473175 0.382344 0.110386 0.0270651 0.0056359 0.00112148 0.000217878 4.32302e-05 8.93849e-06 1.9314e-06 
739382: 0.894477 0.969077 0.0309229 0 0 0 0 0 0 0 0 
177634: 1.23748 0.346455 0.259901 0.258935 0.0913358 0.0308882 0.00919439 0.00246596 0.00062917 0.000157188 3.87319e-05 
51708: 14.1473 0.0897602 0.247654 0.262106 0.14754 0.106136 0.0687876 0.0403147 0.0216737 0.010878 0.00515029 
171894: 9.47947 0.716722 0.191353 0.074048 0.0138448 0.00304416 0.00074029 0.000187118 4.6344e-05 1.15826e-05 2.86276e-06 
272809: 6.57215 0.667021 0.256173 0.0632953 0.0111242 0.0019726 0.000344068 5.85077e-05 9.77856e-06 1.59681e-06 2.56574e-07 
349090: 11.3597 0.371766 0.367506 0.184874 0.0600714 0.0132384 0.00220553 0.000299879 3.43565e-05 3.48906e-06 3.45901e-07 
78040: 17.826 0.100484 0.632986 0.18008 0.0603669 0.0172246 0.0059369 0.00195814 0.000665709 0.000223457 7.43146e-05 
139163: 7.15178 0.498105 0.311463 0.123637 0.0464503 0.0144863 0.00418816 0.00120529 0.000343595 9.56779e-05 2.57222e-05 
136561: 25.0901 0.516891 0.285411 0.133443 0.0442138 0.0142711 0.00418139 0.00116678 0.00031618 8.39029e-05 2.19253e-05 
298021: 0.303637 0.711772 0.125834 0.116705 0.0454169 0.000261554 1.04924e-05 5.88843e-07 3.31425e-08 1.79467e-09 7.78117e-11 
406952: 1.58605 1 0 0 0 0 0 0 0 0 0 
179307: 5.6986 0.479914 0.263186 0.155853 0.0677914 0.0235502 0.00703765 0.00200006 0.000517861 0.0001221 2.74996e-05 
302116: 0.829513 0.558154 0.3161 0.0920946 0.0267593 0.00567738 0.00100383 0.000172645 3.11886e-05 5.77211e-06 1.06152e-06 
222892: 5.11427 0.57798 0.303557 0.0816471 0.0263829 0.0076903 0.00205665 0.000524486 0.000125934 2.91671e-05 6.71476e-06 
170316: 3.52011 0.320014 0.462182 0.159076 0.0436445 0.0110391 0.00298857 0.000792623 0.00020128 4.94633e-05 1.18456e-05 
58955: 7.45494 0.278857 0.373019 0.196681 0.0919427 0.0376001 0.0140558 0.00514753 0.00183985 0.000639299 0.000217947 
298121: 4.67634 0.938841 0.0606488 0.000505799 3.35162e-06 5.40017e-07 3.08102e-08 1.50523e-09 4.0427e-11 3.65145e-13 8.01885e-16 
350480: 2.45473 0.511962 0.301712 0.139537 0.0369968 0.00837583 0.00123688 0.000159599 1.74222e-05 1.72452e-06 1.70985e-07 
333575: 1.19774 0.888125 0.0934556 0.0172291 0.00104167 0.000131548 1.52473e-05 1.87214e-06 2.28206e-07 2.49235e-08 2.70517e-09 
8333: 829.369 0.0106315 0.0356832 0.0858464 0.137043 0.161771 0.160751 0.142651 0.115705 0.0874658 0.0624532 
205499: 6.8864 0.349402 0.352757 0.19807 0.0717837 0.0208764 0.00539695 0.00131857 0.000308892 7.02931e-05 1.57405e-05 
295358: 1.54574 0.832257 0.106871 0.0524833 0.00661817 0.00145751 0.000258237 4.39971e-05 8.98432e-06 1.8427e-06 3.66731e-07 
176628: 7.5119 0.5736 0.292489 0.0886587 0.031299 0.00972054 0.00301594 0.000867346 0.000253331 7.43125e-05 2.16737e-05 
237885: 5.92405 0.753272 0.170032 0.0555479 0.0159017 0.00399992 0.000968721 0.000220001 4.63433e-05 9.33998e-06 1.81619e-06 
188124: 13.295 0.296862 0.338433 0.217321 0.0960271 0.0354069 0.0113601 0.00335311 0.000929332 0.000245108 6.22979e-05 
396655: 0.551085 1 0 0 0 0 0 0 0 0 0 
343788: 6.87812 0.854929 0.132531 0.011441 0.00104351 5.18138e-05 3.45175e-06 2.5684e-07 1.74389e-08 9.09149e-10 5.06917e-11 
125666: 45.4178 0.3842 0.304469 0.172991 0.0840846 0.0349658 0.0128892 0.00438304 0.00142502 0.000451677 0.000141199 
212913: 4.5925 0.543737 0.265131 0.135795 0.040607 0.0112478 0.00271544 0.000592776 0.000134653 3.12614e-05 7.50713e-06 
401037: 2.28078 0.961678 0.0357551 0.00235226 0.000204608 9.99676e-06 3.23313e-07 1.00292e-08 4.27885e-10 1.32103e-11 2.24761e-13 
63957: 10.6642 0.099095 0.27607 0.279919 0.179218 0.0956658 0.0425084 0.0174234 0.00673109 0.00248459 0.000885181 
305294: 2.47077 0.767914 0.188192 0.0380913 0.00497919 0.000703493 0.000100646 1.61079e-05 2.70532e-06 4.52017e-07 7.5025e-08 
193075: 4.69265 0.701608 0.198925 0.0744574 0.0189559 0.00468022 0.00109731 0.000212731 4.93884e-05 1.12451e-05 2.51193e-06 
380712: 2.02019 1 0 0 0 0 0 0 0 0 0 
75853: 75.0613 0.175179 0.326866 0.262166 0.141537 0.0579791 0.0230239 0.00855733 0.00315613 0.0011353 0.000400668 
81784: 16.0158 0.164407 0.384436 0.320488 0.0826783 0.0310599 0.0109315 0.00393018 0.0014034 0.000494588 0.000172127 
57126: 0.88875 0.167638 0.350058 0.313822 0.107379 0.040458 0.0139481 0.00463611 0.00147 0.000453209 0.000137748 
334073: 3.07055 0.824588 0.149081 0.0237169 0.00246292 0.00013628 1.36632e-05 1.4654e-06 1.45617e-07 1.34996e-08 1.12023e-09 
39469: 31.116 0.122971 0.135413 0.199996 0.187004 0.148075 0.0975828 0.0570974 0.030231 0.0148161 0.0068143 
388601: 2.45026 0.985032 0.0138287 0.00113916 0 0 0 0 0 0 0 
120146: 125.478 0.376054 0.369068 0.155382 0.0699408 0.0218994 0.00570051 0.00149663 0.000357802 8.17879e-05 1.84947e-05 
289552: 0.978749 0.701224 0.285407 0.0131402 0.000197017 2.26864e-05 8.16506e-06 1.19893e-06 1.11043e-07 7.86202e-09 4.37862e-10 
85359: 34.456 0.596249 0.186853 0.101311 0.0574825 0.0302181 0.0155414 0.0073504 0.00319303 0.00129944 0.000502898 
361449: 9.34816 0.898949 0.0869622 0.0133636 0.000697766 2.68242e-05 8.42933e-07 2.31547e-08 7.20184e-10 2.25932e-11 1.20702e-12 
113931: 32.4472 0.300698 0.288609 0.212449 0.116176 0.0518 0.0200236 0.00703021 0.00229307 0.000709648 0.000211378 
340510: 0.751948 0.802227 0.175833 0.0208654 0.00100305 6.68642e-05 3.99165e-06 2.04768e-07 7.09644e-09 4.15923e-10 3.21135e-11 
360459: 21.5681 0.955044 0.0351988 0.00856341 0.00109121 9.57427e-05 6.19306e-06 5.1378e-07 5.50075e-08 2.93631e-09 3.03796e-10 
304183: 10.5923 0.796742 0.158997 0.0359842 0.00693416 0.00111867 0.000189348 2.97901e-05 4.52661e-06 7.00114e-07 1.1022e-07 
375033: 7.05241 0.931741 0.0593028 0.00853661 0.000388779 2.92832e-05 1.84503e-06 1.35846e-07 1.37957e-08 1.16622e-09 9.92163e-11 
198111: 2.86437 0.763268 0.136679 0.0655376 0.0236401 0.00761073 0.00235471 0.000675387 0.000178882 4.46899e-05 1.08866e-05 
272401: 0.967527 0.838137 0.104268 0.0456589 0.00967277 0.00184832 0.000340751 6.10748e-05 1.05089e-05 1.80879e-06 3.11091e-07 
400069: 13.2394 0.988153 0.0116209 0.000217443 7.91435e-06 2.57686e-07 0 0 0 0 0 
348195: 7.26313 1 0 0 0 0 0 0 0 0 0 
312128: 1.59253 0.859217 0.133133 0.00747338 0.000171936 5.22413e-06 9.78503e-08 9.32336e-09 6.19712e-10 3.61175e-11 5.18298e-12 
293599: 0.978959 0.621569 0.265007 0.0927539 0.0179631 0.00242999 0.000248826 2.51479e-05 2.64613e-06 2.81019e-07 2.97145e-08 
69709: 10.3337 0.161506 0.310952 0.198246 0.145778 0.0911976 0.0489881 0.0246403 0.0115574 0.0050558 0.00207884 
146930: 22.0488 0.313087 0.310868 0.1852 0.103244 0.0512953 0.0226706 0.00899305 0.00323247 0.00107398 0.000335353 
327362: 10.567 0.579329 0.308771 0.0895079 0.0179716 0.0036397 0.000648248 0.000111138 1.81934e-05 2.79985e-06 4.13762e-07 
37013: 3.56208 0.209233 0.227012 0.170691 0.144286 0.108447 0.0689171 0.0384904 0.0195521 0.00924285 0.00412929 
51656: 16.9646 0.240134 0.26612 0.216841 0.134082 0.0742781 0.0375906 0.018046 0.0080659 0.00343875 0.00140361 
63751: 19.3722 0.383078 0.230498 0.178287 0.108446 0.0561088 0.0259891 0.0110185 0.00436681 0.00162918 0.00057858 
83155: 27.6599 0.17361 0.275314 0.264653 0.157059 0.0736856 0.0330926 0.0140743 0.00561694 0.00212502 0.00076958 
82745: 4.63449 0.507739 0.214306 0.141557 0.0818246 0.0350627 0.013107 0.00443976 0.00140867 0.000428002 0.000127075 
121892: 5.76274 0.89684 0.0902602 0.0114411 0.00127953 0.000158256 1.7842e-05 2.42972e-06 3.68147e-07 5.8587e-08 9.36426e-09 
357658: 12.1482 0.982949 0.0159182 0.00103365 9.42865e-05 5.01732e-06 2.24685e-07 6.07714e-09 1.94865e-10 9.04098e-12 5.63294e-13 
54461: 56.0659 0.168375 0.314409 0.249807 0.148245 0.0676092 0.0306619 0.0128718 0.00522308 0.00203111 0.000766156 
25058: 84.1393 0.285358 0.249266 0.184695 0.118452 0.0730883 0.0428083 0.0236147 0.0127338 0.00661313 0.00337098 
234863: 9.39541 0.572129 0.268076 0.111407 0.0351482 0.00992346 0.00255634 0.000599264 0.000129364 2.60287e-05 4.95326e-06 
346245: 0.0238095 1 0 0 0 0 0 0 0 0 0 
62243: 14.401 0.146997 0.216246 0.267891 0.184455 0.102327 0.0483666 0.0209085 0.0084125 0.00321484 0.00118102 
149946: 6.48677 0.238843 0.385256 0.23478 0.0993353 0.0305789 0.00835147 0.00215505 0.000537905 0.000130533 3.1093e-05 
336746: 7.06595 0.758978 0.191827 0.0434276 0.00539965 0.000344798 2.10954e-05 1.27175e-06 9.40342e-08 7.15725e-09 7.9112e-10 
297627: 2.48407 0.812951 0.163468 0.0204021 0.00271371 0.000383191 6.84206e-05 1.13826e-05 1.88694e-06 3.0703e-07 5.09735e-08 
217753: 3.38305 1 0 0 0 0 0 0 0 0 0 
69109: 20.7525 0.307826 0.304049 0.198036 0.101962 0.0485242 0.0227755 0.0101224 0.00430109 0.00173621 0.000667977 
2427: 105.146 0.0208742 0.0704995 0.145695 0.187092 0.176842 0.141256 0.104438 0.0731163 0.0487856 0.0314027 
184057: 9.43616 0.550588 0.280609 0.124897 0.033876 0.00779532 0.00173566 0.00038815 8.7094e-05 1.93835e-05 4.25917e-06 
142334: 2.79821 0.696016 0.233516 0.0400735 0.0184721 0.00749048 0.00294678 0.00103281 0.000327242 9.74445e-05 2.75864e-05 
152662: 5.28814 0.123998 0.427967 0.274131 0.115459 0.0399381 0.0127788 0.00402276 0.00123161 0.000367457 0.000106556 
204773: 33.3716 0.687448 0.175174 0.0865939 0.0355714 0.0112134 0.00296604 0.000747043 0.000203503 6.23245e-05 2.02607e-05 
400380: 2.41458 0.902691 0.0892814 0.00752883 0.000472663 2.40047e-05 1.45163e-06 1.60423e-07 1.55857e-08 1.04424e-09 4.9132e-11 
356716: 25.6736 1 0 0 0 0 0 0 0 0 0 
304759: 2.82415 0.563276 0.289721 0.116509 0.0245675 0.00479366 0.000913316 0.000175786 3.48699e-05 7.41489e-06 1.66902e-06 
230670: 3.33968 0.451848 0.318668 0.157345 0.0524073 0.0146678 0.0038215 0.000949724 0.000228116 5.31242e-05 1.20815e-05 
266687: 2.02232 0.372935 0.459228 0.126499 0.0329058 0.00687807 0.00125893 0.000241945 4.43466e-05 7.64185e-06 1.31218e-06 
331303: 1.10809 0.783028 0.191734 0.0208658 0.00389187 0.000404762 6.51313e-05 9.39139e-06 1.1182e-06 1.21166e-07 1.46442e-08 
296809: 1.58742 0.652121 0.215081 0.10614 0.0232294 0.0030727 0.000311105 3.92153e-05 5.22001e-06 6.46362e-07 7.61333e-08 
56064: 1.5721 0.436142 0.242569 0.190746 0.0832218 0.0321717 0.0105805 0.00326548 0.00095599 0.00027193 7.5916e-05 
215071: 9.10858 0.333288 0.455205 0.157566 0.0412837 0.00979728 0.00223081 0.000495452 0.000107111 2.24443e-05 4.58303e-06 
237227: 1.77522 0.563795 0.261283 0.118701 0.0448541 0.00963041 0.00150664 0.000201125 2.55518e-05 3.36551e-06 4.81626e-07 
165646: 108.912 0.497044 0.266298 0.136757 0.062722 0.0246202 0.00884679 0.00267696 0.000761449 0.000212594 6.02045e-05 
126596: 29.0008 0.267631 0.329837 0.204847 0.111521 0.0528446 0.0215928 0.00794779 0.00267692 0.000846733 0.000255629 
323557: 0.304152 1 0 0 0 0 0 0 0 0 0 
271928: 2.01997 0.799123 0.150029 0.0397106 0.00926765 0.00160147 0.000230004 3.25439e-05 4.68281e-06 6.92946e-07 1.07188e-07 
292499: 1.43449 0.717968 0.20657 0.0614041 0.0116463 0.00210595 0.000267086 3.38343e-05 4.25313e-06 5.26472e-07 6.67233e-08 
371708: 40.793 1 0 0 0 0 0 0 0 0 0 
263728: 0.809051 0.59846 0.27286 0.100434 0.0204788 0.00593813 0.00144319 0.000312104 6.09729e-05 1.09664e-05 1.81061e-06 
127750: 19.2861 0.28849 0.25012 0.206026 0.13839 0.0687993 0.0301523 0.0118513 0.00427013 0.00143993 0.000461698 
272315: 4.52374 0.471496 0.337557 0.142276 0.0363044 0.00948273 0.00221096 0.000513355 0.000122402 2.9843e-05 7.47962e-06 
98909: 7.06457 0.559336 0.232193 0.107883 0.0587133 0.0259079 0.0102488 0.00376426 0.00133298 0.000462264 0.000158871 
110146: 9.30829 0.162659 0.346251 0.254677 0.138559 0.0609817 0.0239348 0.00869337 0.00296898 0.000968847 0.000305914 
326024: 1.53784 0.904495 0.0888541 0.0060193 0.000586138 4.22018e-05 3.11715e-06 2.37034e-07 1.77236e-08 1.34623e-09 1.06512e-10 
288139: 3.71164 0.64792 0.246437 0.0804308 0.0196442 0.00446528 0.000901563 0.000165146 2.90496e-05 5.37979e-06 1.08061e-06 
66984: 19.5169 0.203312 0.286968 0.23085 0.141393 0.0759384 0.0361468 0.0156844 0.00636076 0.00244554 0.000899908 
186614: 8.30889 0.429482 0.392549 0.124007 0.0384712 0.0114461 0.00305805 0.000759021 0.000178047 4.02141e-05 8.84986e-06 
185599: 0.221672 0.43428 0.462096 0.089998 0.0117376 0.00155693 0.000275341 4.6272e-05 7.69047e-06 1.28493e-06 2.15374e-07 
141602: 11.4372 0.47036 0.336748 0.126919 0.0449196 0.0145526 0.0045469 0.00139155 0.000413011 0.000117201 3.20983e-05 
172278: 28.176 0.363881 0.380931 0.162111 0.0613907 0.021555 0.00703996 0.00219116 0.00065562 0.000190574 5.41922e-05 
240511: 6.3373 0.619012 0.278264 0.078233 0.0194178 0.0041049 0.000789993 0.000146643 2.61404e-05 4.65022e-06 8.52493e-07 
370430: 4.42136 0.623469 0.311597 0.0605727 0.00411203 0.000237667 1.10713e-05 4.70613e-07 1.80738e-08 6.81545e-10 2.15994e-11 
382685: 6.2431 1 0 0 0 0 0 0 0 0 0 
108246: 14.9723 0.545046 0.220469 0.135511 0.0600951 0.0243742 0.00930681 0.00343302 0.00121391 0.000413956 0.000136663 
123673: 23.5895 0.259941 0.327035 0.227537 0.114369 0.047008 0.0165624 0.00533155 0.00161405 0.00046863 0.000132202 
319211: 1.00561 0.540899 0.368296 0.0710615 0.01697 0.00241007 0.000317913 4.01617e-05 5.02369e-06 6.26896e-07 7.48474e-08 
348044: 3.9123 1 0 0 0 0 0 0 0 0 0 
10779: 0.0687692 0.489933 0.32903 0.115806 0.0506096 0.011592 0.0024246 0.000479508 9.85447e-05 2.12865e-05 4.94168e-06 
161856: 4.4393 0.279512 0.403539 0.206017 0.0796681 0.0235803 0.00593902 0.00137073 0.000297981 6.26908e-05 1.29867e-05 
270484: 1.41359 0.398897 0.459194 0.116079 0.0211808 0.00385282 0.000657254 0.000115543 1.99832e-05 3.42216e-06 5.78541e-07 
162125: 10.8114 0.569865 0.216531 0.132033 0.0551703 0.0187091 0.00559543 0.00154896 0.000411934 0.000107428 2.76375e-05 
357168: 5.97985 0.543559 0.389929 0.0580503 0.00756626 0.000812667 7.47409e-05 6.76001e-06 6.4544e-07 3.73088e-08 3.96415e-09 
32774: 3.30562 0.578751 0.0799755 0.110663 0.0872647 0.0594378 0.0401371 0.0225495 0.0121437 0.00611842 0.00295899 
192377: 4.78373 0.313184 0.362362 0.208319 0.07986 0.0259895 0.00761789 0.00203104 0.00049731 0.000114262 2.52767e-05 
246977: 5.68105 0.39889 0.406666 0.144359 0.0388184 0.00890094 0.00186584 0.000397026 8.25528e-05 1.71573e-05 3.47524e-06 
173091: 4.47762 0.474858 0.365785 0.117943 0.0322814 0.00698737 0.00165084 0.000384653 8.71391e-05 1.84999e-05 3.81127e-06 
149086: 25.2425 0.44296 0.358475 0.137439 0.0431201 0.013043 0.00363595 0.000984471 0.000258656 6.67084e-05 1.72231e-05 
261144: 19.566 0.433273 0.371269 0.139378 0.0393189 0.0112397 0.0035241 0.00127147 0.000483517 0.00017962 6.28458e-05 
63467: 23.0831 0.276575 0.243483 0.196809 0.131823 0.0747492 0.0399793 0.0202545 0.00980831 0.00452472 0.00199392 
16654: 52.9079 0.060583 0.125069 0.167107 0.179249 0.157785 0.121542 0.0844082 0.0539624 0.0321519 0.0181426 
308064: 2.00395 0.987843 0.00880289 0.00293112 0.000377574 4.21822e-05 3.37507e-06 2.9784e-07 2.2917e-08 1.99212e-09 3.65021e-10 
175678: 17.6982 0.542411 0.274064 0.129823 0.0393616 0.0102028 0.00278336 0.000893074 0.000311122 0.000111733 3.87312e-05 
363665: 5.525 1 0 0 0 0 0 0 0 0 0 
13639: 12.3514 0.141057 0.203939 0.139668 0.155695 0.134741 0.0972776 0.0630069 0.0361296 0.0190703 0.00941691 
321614: 1.99719 0.74135 0.240123 0.0168517 0.00151523 0.000135039 2.07635e-05 3.48608e-06 5.25941e-07 7.3174e-08 9.74945e-09 
278484: 0.827316 0.689677 0.288556 0.0193315 0.00224742 0.000164855 1.94415e-05 2.91052e-06 3.77442e-07 5.62939e-08 8.21136e-09 
385986: 15.9372 0.82051 0.164867 0.0133501 0.00111241 0.000140841 1.75154e-05 1.99485e-06 2.04812e-07 1.9823e-08 1.87875e-09 
60144: 35.7785 0.292541 0.151098 0.252398 0.18876 0.0786125 0.0255384 0.00815047 0.00226657 0.000522345 0.000111945 
120637: 16.42 0.463113 0.271446 0.175983 0.0604827 0.0196311 0.006358 0.00207412 0.000655313 0.000198741 5.7948e-05 
218400: 7.96461 0.577719 0.264609 0.115603 0.0309816 0.00844371 0.00205017 0.000468205 0.000101117 2.07437e-05 4.0554e-06 
88310: 0.564313 0.138802 0.32379 0.284018 0.150954 0.0675826 0.0242151 0.0076019 0.00226062 0.000609305 0.000165679 
122389: 12.8693 0.454003 0.31433 0.150684 0.0544029 0.0175355 0.00603753 0.0020657 0.000672216 0.000207354 6.14992e-05 
8612: 413.722 0.0131684 0.0449308 0.128909 0.179252 0.176706 0.153035 0.12037 0.0869292 0.0588223 0.0378768 
109286: 29.252 0.0666376 0.45332 0.223421 0.151035 0.0690107 0.0256833 0.00803038 0.00219379 0.000542489 0.000125762 
5733: 157.034 0.0215189 0.0671743 0.144087 0.176588 0.161331 0.136733 0.110277 0.0831493 0.0590767 0.0400638 
108898: 7.4625 0.80672 0.0776313 0.0541067 0.0337598 0.0166104 0.00690509 0.00276251 0.00102188 0.00035963 0.000122176 
197238: 3.91514 1 0 0 0 0 0 0 0 0 0 
385522: 4.76723 0.554863 0.381762 0.0554701 0.00685136 0.000875616 0.000144658 2.68209e-05 4.67989e-06 7.2887e-07 1.02521e-07 
145365: 30.7559 0.472028 0.283752 0.151421 0.0618709 0.0215154 0.00682209 0.0019298 0.000504847 0.000125809 3.05638e-05 
196296: 4.52408 0.558373 0.301539 0.0955699 0.0324715 0.00911573 0.00225219 0.000527498 0.000119442 2.64183e-05 5.74412e-06 
51816: 19.4658 0.334469 0.372603 0.157498 0.0721045 0.0338668 0.0157724 0.00761754 0.00359505 0.00169644 0.000777844 
235428: 10.6118 0.60066 0.314785 0.0670125 0.0138348 0.00285429 0.000648134 0.000154517 3.87446e-05 1.01702e-05 2.75698e-06 
211223: 4.6876 0.390205 0.424053 0.126403 0.0394302 0.013961 0.00434643 0.00120174 0.000308694 7.51095e-05 1.73072e-05 
358701: 69.6308 0.734209 0.237051 0.0254657 0.00292169 0.000320483 2.98382e-05 2.56177e-06 2.11081e-07 1.66134e-08 1.25456e-09 
356588: 16.6141 0.981842 0.0160778 0.00176239 0.000280138 3.40258e-05 3.46103e-06 2.79494e-07 2.13417e-08 1.62043e-09 1.06548e-10 
88177: 10.6339 0.345736 0.344932 0.168253 0.0827272 0.0358697 0.0144621 0.00533334 0.0018671 0.000621498 0.000198805 
14021: 249.447 0.0246792 0.0854574 0.135682 0.17171 0.16966 0.144231 0.109559 0.076641 0.0505804 0.0317996 
118382: 12.6502 0.274154 0.272651 0.246795 0.122419 0.0521755 0.0204584 0.00750547 0.00263686 0.00090225 0.000303028 
322810: 1.61776 0.788769 0.206821 0.00404779 0.000314677 3.94001e-05 6.59684e-06 1.12978e-06 9.16631e-08 9.62908e-09 9.19542e-10 
310989: 5.02012 0.852577 0.130278 0.014784 0.00211186 0.000228036 1.97162e-05 1.55005e-06 1.38439e-07 1.57086e-08 2.0748e-09 
336558: 0.138881 0.701375 0.256002 0.0397482 0.00271119 0.000139315 2.17739e-05 2.18412e-06 1.88247e-07 1.32553e-08 9.24409e-10 
179316: 9.48135 0.379168 0.382311 0.161036 0.0560858 0.0159716 0.00413388 0.000998203 0.000230307 5.27942e-05 1.22031e-05 
272967: 2.67606 0.856588 0.1263 0.0144175 0.00223159 0.000388157 6.33121e-05 1.03929e-05 1.04065e-06 9.98159e-08 1.26084e-08 
9461: 126.52 0.0301988 0.111797 0.146225 0.156594 0.150472 0.131797 0.106422 0.0786454 0.0536703 0.034178 
89852: 30.2754 0.151156 0.28402 0.2585 0.162816 0.0831358 0.0369916 0.0149404 0.00566778 0.00205662 0.000715995 
17510: 18.8639 0.307253 0.233786 0.17896 0.131435 0.0854242 0.0380034 0.015901 0.0061616 0.00227063 0.000805718 
297842: 0.794488 0.096821 0.552307 0.279528 0.0631253 0.00739165 0.000701872 0.000109227 1.45175e-05 1.51427e-06 1.4741e-07 
40791: 2.85381 0.114926 0.195012 0.240723 0.188421 0.126323 0.0708127 0.0360574 0.0169967 0.00754474 0.00318513 
214492: 2.42421 0.423872 0.402272 0.136331 0.0307714 0.00552712 0.000994683 0.00018657 3.65571e-05 7.08795e-06 1.28601e-06 
367781: 4.8641 0.697068 0.256208 0.0442783 0.00226522 0.000171389 9.36646e-06 3.61288e-07 1.95101e-08 1.11787e-09 6.68932e-11 
20377: 68.6015 0.0581754 0.169787 0.266818 0.185949 0.139092 0.0817236 0.0481459 0.0269745 0.0150979 0.00823775 
309767: 6.9551 0.444055 0.434304 0.108021 0.0124792 0.00104269 8.79569e-05 9.34242e-06 1.08669e-06 1.18122e-07 1.22139e-08 
129104: 16.0382 0.321121 0.389464 0.185691 0.0707483 0.0236754 0.00680217 0.00184474 0.000489627 0.000129172 3.4553e-05 
257942: 3.27199 0.705641 0.245894 0.0379031 0.0085151 0.00164574 0.000321773 6.33028e-05 1.31089e-05 2.87691e-06 6.48248e-07 
1026: 3063.99 0.00499437 0.114187 0.0747885 0.0951906 0.11791 0.132173 0.13475 0.126197 0.109895 0.0899143 
402700: 0.163894 0.986038 0.0139623 0 0 0 0 0 0 0 0 
354256: 3.3199 0.603911 0.335572 0.0510834 0.00817451 0.00112717 0.000120204 1.08031e-05 8.92782e-07 6.78319e-08 4.93219e-09 
160432: 19.9476 0.673531 0.23882 0.0629481 0.0168473 0.00578547 0.00154214 0.000401395 9.66762e-05 2.26506e-05 5.19772e-06 
380382: 3.33182 0.940224 0.0594126 0.000342506 1.96932e-05 1.1668e-06 1.01927e-07 7.70348e-09 3.8973e-10 1.28851e-11 5.55523e-13 
310785: 2.18984 1 0 0 0 0 0 0 0 0 0 
144488: 12.007 0.269829 0.363892 0.235618 0.090222 0.0289625 0.0083741 0.00229383 0.000607954 0.000159377 4.20487e-05 
264527: 1.48717 0.661129 0.304804 0.0294105 0.00409442 0.000504884 5.09359e-05 5.18441e-06 6.18905e-07 6.67946e-08 7.71343e-09 
297033: 0.0448349 0.719486 0.280514 0 0 0 0 0 0 0 0 
312043: 12.661 0.349178 0.389851 0.177815 0.0614769 0.0167804 0.00391002 0.000806272 0.000151183 2.63321e-05 4.34234e-06 
254426: 3.29266 0.442685 0.348059 0.15163 0.0430827 0.0111668 0.00263337 0.000585968 0.000125895 2.63572e-05 5.39951e-06 
203841: 4.18929 0.596082 0.226511 0.118232 0.0432081 0.0121841 0.00295066 0.000655477 0.000141121 2.97191e-05 6.19666e-06 
392302: 5.25895 0.933612 0.0637824 0.00247732 0.000124349 4.10749e-06 5.02449e-08 5.77118e-10 5.28556e-12 9.4351e-14 0 
394585: 3.28827 0.960805 0.0385006 0.000655867 3.84332e-05 3.96617e-07 0 0 0 0 0 
9921: 79.3038 0.139732 0.178266 0.198238 0.170806 0.125279 0.083048 0.0505259 0.0292931 0.0161768 0.00863446 
15467: 43.0573 0.0935758 0.195364 0.217443 0.195637 0.135127 0.0813377 0.0441561 0.0221162 0.0104943 0.0047486 
213763: 8.05458 0.518405 0.303413 0.119363 0.0399853 0.0131201 0.00411636 0.00118254 0.000316092 7.90226e-05 1.8882e-05 
385071: 1.43304 0.879178 0.113567 0.00695989 0.000271036 2.23391e-05 1.45606e-06 8.27021e-08 4.91808e-09 2.3611e-10 9.3829e-12 
332944: 1.03808 0.964006 0.0353447 0.000632432 1.5819e-05 1.37803e-06 6.48189e-08 2.24951e-09 9.25338e-11 9.10773e-12 9.35679e-13 
46986: 92.4132 0.0489066 0.174975 0.241807 0.221147 0.150206 0.0863346 0.0439475 0.0203392 0.00876056 0.0035768 
117786: 7.95851 0.862493 0.0900908 0.0416237 0.0053767 0.000356305 5.16691e-05 6.37319e-06 7.94699e-07 1.24769e-07 1.89304e-08 
215850: 4.99653 0.430892 0.384067 0.138471 0.0360783 0.00815876 0.00182742 0.000398268 8.50935e-05 1.79444e-05 3.79665e-06 
25382: 10.7124 0.204939 0.149872 0.189772 0.168614 0.124186 0.0778153 0.0446045 0.023317 0.0114682 0.00541082 
353752: 51.2969 0.215157 0.466965 0.213467 0.0774738 0.0211383 0.00471012 0.00090473 0.000155408 2.44266e-05 3.54443e-06 
195293: 10.0323 0.506044 0.363177 0.0985274 0.0241606 0.0060898 0.00151382 0.000372753 8.94494e-05 2.07208e-05 4.62647e-06 
48561: 28.0133 0.078287 0.25075 0.242453 0.191852 0.118498 0.0637474 0.031279 0.0143301 0.00621864 0.00258515 
13631: 13.0169 0.103599 0.194253 0.220053 0.176483 0.12946 0.0830773 0.0483845 0.02574 0.0128678 0.00608222 
69034: 6.36635 0.295086 0.375012 0.209093 0.0738095 0.0295796 0.0112072 0.00407322 0.00145579 0.000509204 0.000174417 
94416: 14.4684 0.28639 0.340034 0.219496 0.0995543 0.0371191 0.012206 0.00371054 0.00108465 0.000313986 9.09272e-05 
154283: 13.7159 0.496159 0.290282 0.136966 0.0549781 0.0159226 0.00426181 0.00108366 0.000268871 6.32892e-05 1.44468e-05 
390887: 1.33651 0.949303 0.0446984 0.00542553 0.000536351 3.41468e-05 2.14013e-06 1.6275e-07 1.09874e-08 5.99858e-10 2.77567e-11 
166402: 28.7958 0.561322 0.289769 0.10707 0.0312084 0.00798904 0.00199815 0.000488423 0.000118659 2.90354e-05 7.20282e-06 
17038: 60.0095 0.0647019 0.151596 0.189873 0.180043 0.145978 0.106181 0.0718027 0.045887 0.0278017 0.016137 
37869: 13.1786 0.0718575 0.105351 0.19634 0.215423 0.172883 0.107553 0.0629601 0.0354802 0.0204582 0.0116945 
238768: 0.560509 0.764468 0.191285 0.0312089 0.00991785 0.00242474 0.00055418 0.000113585 2.26341e-05 4.39381e-06 8.18497e-07 
175062: 8.3537 0.475114 0.317286 0.139509 0.0463268 0.0154237 0.00466203 0.00125524 0.000321822 8.08311e-05 1.99432e-05 
367646: 1.57839 0.603048 0.318931 0.0741676 0.0036052 0.000234308 1.33819e-05 8.26836e-07 5.27326e-08 4.28033e-09 4.10769e-10 
25551: 50.2973 0.0674763 0.157365 0.222334 0.195655 0.149629 0.0958824 0.0564371 0.0309213 0.0161468 0.00815275 
236330: 34.7763 0.234191 0.236526 0.235269 0.161069 0.0833834 0.0338896 0.0113594 0.00328023 0.000838732 0.000193779 
224902: 1.84427 0.676589 0.267098 0.0474285 0.00754919 0.00109348 0.000196595 3.66266e-05 6.83358e-06 1.27003e-06 2.34831e-07 
116943: 13.6982 0.347134 0.330583 0.173931 0.0893188 0.0381954 0.0140654 0.00469446 0.00148435 0.000455841 0.000136613 
272050: 9.0556 0.573596 0.308106 0.0954063 0.0184859 0.00353627 0.000694991 0.00013932 2.83668e-05 5.90486e-06 1.25107e-06 
91258: 18.9238 0.211822 0.282989 0.243188 0.145154 0.0704033 0.029255 0.0111756 0.00407452 0.00144155 0.00049735 
151886: 6.92646 0.303532 0.354116 0.207387 0.0889834 0.0318107 0.0101065 0.00295803 0.000824305 0.000222339 5.87005e-05 
176047: 2.86184 0.510086 0.3304 0.109308 0.0364203 0.0102449 0.00266351 0.000673521 0.000160076 3.60821e-05 7.7417e-06 
135944: 1.74823 0.35952 0.325551 0.193544 0.0827869 0.0279959 0.00794083 0.00203753 0.000487162 0.00011148 2.49315e-05 
70069: 30.3586 0.107511 0.182232 0.235442 0.20501 0.132865 0.0741357 0.0365174 0.0165042 0.00697843 0.00280429 
381504: 0.291877 1 0 0 0 0 0 0 0 0 0 
7213: 119.425 0.0662185 0.181172 0.178102 0.177667 0.141078 0.101995 0.0678614 0.0432953 0.0266631 0.0159486 
2880: 815.97 0.0278659 0.34247 0.137358 0.11582 0.115264 0.083851 0.0642923 0.0502555 0.0372321 0.0255899 
180532: 17.0101 0.307154 0.278211 0.214287 0.111133 0.0572934 0.0219715 0.00738969 0.00197362 0.000471676 0.000114086 
245589: 7.55459 0.524691 0.34808 0.0942568 0.0234838 0.00673395 0.00200205 0.000544342 0.000150133 4.39892e-05 1.36527e-05 
26792: 61.3257 0.0684485 0.165688 0.224884 0.199948 0.147079 0.0932296 0.0527873 0.0276223 0.0137127 0.00660114 
120849: 5.83767 0.404009 0.312266 0.174562 0.0740452 0.0249735 0.00738715 0.00203985 0.000542466 0.000140187 3.54419e-05 
198426: 3.50928 0.437855 0.304543 0.170905 0.063187 0.0176299 0.00448455 0.00107501 0.000250845 5.71548e-05 1.27711e-05 
13670: 60.7149 0.137109 0.167028 0.157597 0.132878 0.114503 0.0968899 0.0762821 0.0555436 0.0378251 0.024345 
98535: 7.62205 0.390129 0.269161 0.185464 0.0935207 0.0390644 0.0149463 0.00528578 0.00172986 0.000537241 0.000160948 
9226: 7.01164 0.0490909 0.184039 0.188899 0.179519 0.145444 0.103234 0.0685199 0.0427134 0.0249019 0.01364 
77056: 4.99461 0.344259 0.421568 0.151226 0.0541597 0.019548 0.00629813 0.00205563 0.00063787 0.000191325 5.69494e-05 
295847: 14.3331 0.447184 0.433509 0.0664739 0.0528334 0 0 0 0 0 0 
331726: 9.51395 0.719015 0.211984 0.0551731 0.0116469 0.00188078 0.000263193 3.2908e-05 3.90032e-06 4.46263e-07 5.02973e-08 
103061: 28.344 0.168287 0.282709 0.242338 0.164832 0.0837187 0.0364738 0.014254 0.00511625 0.0017199 0.000551449 
402478: 1.66163 0.925716 0.0742837 0 0 0 0 0 0 0 0 
323094: 4.48492 0.833069 0.152553 0.0124045 0.00167473 0.000256566 3.51402e-05 5.21079e-06 8.09681e-07 1.25315e-07 1.86322e-08 
372022: 3.09109 0.859222 0.13587 0.00484094 6.49502e-05 1.80777e-06 2.40649e-07 1.25737e-08 9.44657e-10 5.35183e-11 2.34139e-12 
200639: 0.12696 0.315059 0.666157 0.0166356 0.0019398 0.000191314 1.59366e-05 7.81258e-07 8.53915e-08 5.89796e-09 4.85676e-10 
224640: 2.2875 0.885924 0.0903894 0.0199192 0.00299754 0.000621997 0.000120488 2.2812e-05 3.94429e-06 6.28024e-07 9.31641e-08 
57392: 627.784 0.156291 0.30806 0.234377 0.158343 0.0829406 0.0379081 0.0146579 0.00520972 0.00169402 0.000519098 
203449: 4.05829 0.627144 0.221849 0.108643 0.0320377 0.00784705 0.00190885 0.000441515 0.000100884 2.29018e-05 5.30878e-06 
212934: 6.68044 0.580654 0.247541 0.112553 0.0406722 0.0131939 0.00394903 0.00108234 0.000274218 6.53205e-05 1.5e-05 
291145: 0.875362 0.779743 0.167577 0.0398084 0.0108756 0.00170642 0.000248549 3.53953e-05 5.30405e-06 7.38903e-07 1.04924e-07 
361517: 1.13191 0.683014 0.316986 0 0 0 0 0 0 0 0 
366145: 6.61398 0.966189 0.0332819 0.000502613 2.46077e-05 1.87905e-06 7.08554e-08 1.37465e-09 1.41495e-11 0 0 
26279: 103.554 0.0308664 0.0910424 0.173092 0.209106 0.187524 0.136218 0.0855035 0.0484428 0.0254764 0.0127283 
59243: 106.059 0.160951 0.280025 0.261301 0.155673 0.0808062 0.0364663 0.0155443 0.00611726 0.00229052 0.000824346 
178309: 0.644708 0.347537 0.348792 0.183506 0.0780988 0.0293342 0.00920813 0.00261505 0.000691647 0.000174235 4.29269e-05 
100979: 11.025 0.311932 0.31027 0.19373 0.105159 0.047547 0.0198358 0.00762338 0.00271536 0.000901748 0.000285869 
390164: 1.68368 0.99221 0.0074679 0.000281839 3.76775e-05 2.3861e-06 1.96236e-07 1.21293e-08 9.09142e-10 5.18486e-11 2.38158e-12 
65877: 3.54847 0.14159 0.341367 0.255393 0.147494 0.0684875 0.0285955 0.0110417 0.00407394 0.00145357 0.000505175 
127907: 3.63442 0.759118 0.137701 0.0567723 0.0289828 0.0117053 0.00398476 0.00124026 0.000363388 0.000103027 2.91382e-05 
63954: 11.6211 0.132414 0.314242 0.232305 0.153447 0.0869417 0.0449389 0.0209591 0.00926944 0.00390658 0.00157613 
370628: 1.71981 0.695843 0.283328 0.0204808 0.00034034 6.97664e-06 3.57181e-07 9.60393e-09 5.72886e-10 2.79841e-11 8.21576e-13 
205419: 6.14888 0.453266 0.383553 0.117515 0.0345253 0.00858269 0.00197897 0.000446853 0.000101732 2.41834e-05 5.87121e-06 
81275: 8.09258 0.52459 0.265277 0.109369 0.0573424 0.026459 0.0108196 0.00404365 0.00144301 0.000493924 0.000162391 
49384: 100.227 0.152244 0.259962 0.249693 0.166298 0.0913555 0.0457254 0.0207167 0.00890225 0.00365567 0.0014472 
281805: 1.05878 0.849915 0.108773 0.032624 0.00720029 0.00122751 0.000217238 3.66745e-05 5.95149e-06 9.55002e-07 1.51521e-07 
60186: 16.5435 0.407331 0.295339 0.153505 0.0888994 0.0360449 0.0128495 0.00420088 0.00130965 0.000400233 0.000120646 
253684: 1.8329 0.718564 0.273858 0.0066299 0.000864138 7.57663e-05 6.83123e-06 6.37943e-07 7.1808e-08 9.63584e-09 1.42588e-09 
244035: 2.09255 0.746508 0.147128 0.0749778 0.0234029 0.00600094 0.00151867 0.000360523 8.18122e-05 1.76878e-05 3.65123e-06 
43517: 1137.75 0.216033 0.435453 0.227248 0.0834806 0.0261091 0.00806942 0.00247621 0.000791371 0.000256204 8.33495e-05 
44116: 22.9483 0.147806 0.541514 0.202457 0.0767376 0.0214207 0.00676205 0.00217227 0.000765407 0.000271012 9.34987e-05 
137628: 17.1353 0.343574 0.331796 0.191728 0.082306 0.0329613 0.0118905 0.00399367 0.00126146 0.000379347 0.000109828 
154077: 1.45019 0.171863 0.539796 0.206362 0.0633348 0.0142301 0.00335971 0.000799806 0.000195403 4.70348e-05 1.15781e-05 
350425: 9.19602 0.691355 0.271078 0.0324656 0.00441509 0.000619049 6.10412e-05 5.80973e-06 5.40691e-07 5.82012e-08 9.64296e-09 
185534: 1.59978 0.29498 0.473827 0.170218 0.0483616 0.0100523 0.00204173 0.000413728 8.42651e-05 1.74082e-05 3.61777e-06 
365946: 1.41158 0.912566 0.0868048 0.000587793 3.77076e-05 3.36438e-06 9.95562e-08 7.1813e-09 8.74816e-10 1.19792e-10 1.72575e-11 
349994: 5.88 0.612983 0.293695 0.0756267 0.0150469 0.00231595 0.000295389 3.32452e-05 3.39625e-06 2.99209e-07 2.36838e-08 
205817: 6.82785 0.741033 0.196191 0.0509824 0.009446 0.00185661 0.000378732 8.61129e-05 2.02149e-05 5.00841e-06 1.26257e-06 
114722: 38.058 0.360678 0.316684 0.199845 0.0816757 0.0287047 0.00890443 0.00255538 0.000704717 0.000193089 5.38664e-05 
343446: 1.47228 0.667334 0.197001 0.0806639 0.0384768 0.0124823 0.00322859 0.000667648 0.00012235 1.98508e-05 2.93078e-06 
87215: 20.1146 0.25889 0.349431 0.211265 0.10642 0.045726 0.0181908 0.00669521 0.00234498 0.000783725 0.000253038 
71361: 23.3378 0.122646 0.303492 0.272172 0.166116 0.0812392 0.0344015 0.0131264 0.00467328 0.00159819 0.000536067 
30113: 312.935 0.0469428 0.104333 0.162007 0.173432 0.149816 0.121031 0.0942268 0.0697011 0.0480745 0.0304345 
86833: 47.9105 0.236735 0.28626 0.228971 0.136863 0.0663338 0.0280268 0.0108925 0.00400548 0.00142064 0.00049205 
106537: 20.8332 0.324682 0.352898 0.188947 0.082022 0.0321842 0.0124196 0.00452524 0.00159242 0.000545537 0.00018457 
115063: 4.50304 0.756851 0.138802 0.0638485 0.0267881 0.00963064 0.00293483 0.000836047 0.000230543 6.21608e-05 1.65274e-05 
362389: 7.07878 0.980771 0.0145606 0.00463249 3.34683e-05 2.50259e-06 4.40059e-08 3.00083e-10 6.85843e-12 3.09703e-13 3.6188e-14 
320880: 8.66341 0.81596 0.162833 0.0195639 0.00151635 0.00011269 1.0968e-05 1.97107e-06 4.1394e-07 7.92309e-08 1.29896e-08 
275504: 4.44558 0.705352 0.247245 0.0392679 0.00674676 0.00112053 0.000212858 4.37391e-05 8.86445e-06 1.7035e-06 3.09647e-07 
403977: 4.4878 0.967578 0.0324224 0 0 0 0 0 0 0 0 
262350: 0.222093 0.878046 0.109634 0.0104975 0.00151149 0.000268586 3.93073e-05 3.46795e-06 2.37328e-07 2.7314e-08 3.13878e-09 
393229: 2.45289 0.967327 0.0316792 0.000976178 1.67909e-05 3.37409e-07 3.60156e-09 0 0 0 0 
357318: 7.10872 0.352716 0.387571 0.203192 0.047782 0.00773346 0.000908093 8.87705e-05 7.74133e-06 6.11131e-07 4.57497e-08 
286298: 5.3333 0.916082 0.0830587 0.000759823 9.87338e-05 5.78383e-07 1.38442e-07 2.38241e-08 3.16538e-09 3.53263e-10 2.92253e-11 
371960: 2.41484 0.80955 0.180452 0.00561876 0.00376253 0.000616301 0 0 0 0 0 
149794: 3.67482 0.272692 0.38155 0.218647 0.0872503 0.0285724 0.00828561 0.00223236 0.000582441 0.000149316 3.80349e-05 
374034: 1.99602 1 0 0 0 0 0 0 0 0 0 
18122: 34.5951 0.101568 0.157941 0.151834 0.158395 0.14292 0.113156 0.0787784 0.0498916 0.0292831 0.0162338 
51074: 43.5827 0.244527 0.294191 0.206344 0.12416 0.0704383 0.0364809 0.0154196 0.00582554 0.00198068 0.000633724 
120335: 19.986 0.293837 0.251262 0.218589 0.134886 0.0632949 0.0252167 0.00889991 0.00288003 0.000877259 0.000256165 
380456: 13.4974 0.937088 0.0613635 0.00145289 8.57962e-05 8.5538e-06 8.20409e-07 1.04263e-07 1.45274e-08 1.9254e-09 2.17319e-10 
320507: 1.60533 0.736038 0.220302 0.0367072 0.00609454 0.000717837 0.000108371 2.38549e-05 5.97646e-06 1.37865e-06 2.51396e-07 
73344: 28.6044 0.381086 0.31778 0.172473 0.0773258 0.0320835 0.0123298 0.00456297 0.00162359 0.000553999 0.000181052 
124895: 63.2456 0.164217 0.265691 0.246987 0.163678 0.0870296 0.0411155 0.0183598 0.00801285 0.00344932 0.0014598 
225719: 75.2338 0.133082 0.3935 0.261524 0.133518 0.0549334 0.0176344 0.00460793 0.000998702 0.000175687 2.62618e-05 
142827: 30.3376 0.469656 0.345478 0.126842 0.040393 0.0119519 0.00386351 0.00126307 0.000397567 0.000120042 3.49523e-05 
101285: 19.3189 0.274142 0.404322 0.18542 0.0809547 0.0338211 0.0135969 0.00513594 0.00182171 0.000600959 0.000184752 
185719: 9.00136 0.489217 0.320216 0.137365 0.0392688 0.0104324 0.00263107 0.00066059 0.000160643 3.88325e-05 9.36366e-06 
156305: 3.94679 0.712905 0.240927 0.0400193 0.00506849 0.000831 0.000193297 4.58043e-05 8.82535e-06 1.43454e-06 1.93371e-07 
387024: 0.198047 0.903794 0.0853551 0.0104397 0.00037639 3.15455e-05 3.21737e-06 6.78273e-08 6.5053e-09 8.6611e-10 1.28916e-10 
186878: 2.42683 0.422485 0.374281 0.113922 0.0491832 0.0252277 0.00990457 0.00345147 0.00111916 0.000334243 9.17098e-05 
184252: 4.4932 0.452742 0.404525 0.100678 0.0314141 0.00818369 0.00189977 0.000434064 9.6797e-05 2.14002e-05 4.92729e-06 
263079: 11.0433 0.717 0.213805 0.0571675 0.010185 0.00158186 0.000221231 3.24795e-05 5.49659e-06 1.19186e-06 3.38533e-07 
252786: 0.196412 1 0 0 0 0 0 0 0 0 0 
217643: 39.1869 0.617047 0.20916 0.148557 0.0243671 0.00078702 7.17994e-05 8.01732e-06 1.54301e-06 3.2866e-07 7.0829e-08 
149038: 7.19037 0.564091 0.254137 0.124605 0.0418829 0.0113383 0.0029343 0.000749975 0.000195681 5.19804e-05 1.39049e-05 
398289: 1.42637 0.965125 0.0348751 0 0 0 0 0 0 0 0 
8952: 51.3426 0.0215107 0.0426584 0.0817619 0.112118 0.1436 0.157549 0.151649 0.126857 0.0958166 0.0664793 
300202: 0.620428 0.924215 0.0646333 0.00999062 0.00106317 9.11953e-05 6.59203e-06 5.02576e-07 4.85468e-08 5.69839e-09 5.86368e-10 
64617: 5.4091 0.340372 0.248309 0.224135 0.100801 0.0512723 0.0225491 0.00846428 0.00288931 0.000926653 0.00028176 
21171: 44.6766 0.188111 0.214635 0.226447 0.164232 0.0985407 0.0539529 0.028317 0.0146467 0.00738646 0.00373146 
163799: 12.0474 0.432043 0.288358 0.167622 0.0725842 0.0271197 0.00872343 0.00258175 0.000720887 0.000194768 5.1466e-05 
158740: 1 1 0 0 0 0 0 0 0 0 0 
151191: 2.60412 0.808521 0.104417 0.0450569 0.0249547 0.0111839 0.00415982 0.00126648 0.000337111 8.35533e-05 1.95746e-05 
175995: 15.4448 0.412742 0.517321 0.0596053 0.00886204 0.00116225 0.000234896 5.48499e-05 1.36255e-05 3.48777e-06 9.14694e-07 
59727: 21.1992 0.143273 0.238687 0.254943 0.182967 0.0977522 0.0473135 0.0211939 0.00892936 0.00357162 0.00136934 
60938: 18.9591 0.302137 0.370166 0.166901 0.0832145 0.0445384 0.0189255 0.00838874 0.0036439 0.00149724 0.000587515 
376316: 3.23885 0.898505 0.101495 0 0 0 0 0 0 0 0 
118806: 57.5148 0.392944 0.382193 0.150995 0.052146 0.0153197 0.00455233 0.0013257 0.000383901 0.000109665 3.11487e-05 
232365: 3.46158 0.739277 0.19023 0.0509259 0.0152891 0.00342012 0.000679331 0.000139089 3.10085e-05 6.92894e-06 1.47788e-06 
